#	672
0	0	 -1
0	0	 1
0	1	 -1
0	2	 -1
0	2	 -1
0	2	 -1
0	2	 -1
0	3	 -1
0	4	 -1
0	5	 -1
0	6	 -1
0	6	 -1
0	7	 -1
0	8	 -1
0	9	 -1
1	0	 -1
1	0	 -1
1	10	 -1
1	11	 -1
12	1	 -1
13	12	 1
14	13	 1
10	1	 -1
11	1	 -1
15	0	 -1
15	0	 -1
15	16	 -1
15	17	 1
15	18	 1
15	19	 1
15	20	 -1
15	21	 -1
15	21	 -1
22	0	 -1
22	23	 -1
22	24	 -1
23	22	 -1
24	22	 -1
25	24	 -1
8	0	 -1
8	0	 -1
8	0	 -1
26	0	 -1
26	27	 -1
26	28	 1
2	0	 -1
2	0	 -1
2	0	 -1
2	0	 -1
2	0	 -1
2	0	 1
2	29	 -1
2	30	 1
31	0	 -1
32	31	 -1
33	32	 -1
34	31	 -1
35	34	 -1
36	35	 -1
29	2	 -1
37	0	 -1
38	0	 1
39	0	 1
39	40	 1
39	16	 -1
39	17	 1
41	39	 1
42	39	 1
43	39	 1
44	39	 1
45	44	 1
46	44	 1
47	44	 1
48	47	 1
40	39	 1
16	39	 -1
49	39	 1
17	39	 1
17	50	 1
17	51	 1
52	39	 1
52	53	 1
54	39	 1
55	54	 1
56	55	 1
56	57	 1
56	58	 1
56	58	 1
56	59	 1
57	56	 1
60	57	 1
58	56	 1
58	56	 1
61	0	 1
61	62	 -1
61	62	 -1
61	62	 1
62	61	 -1
62	61	 -1
62	61	 1
50	0	 1
50	63	 1
50	64	 -1
65	50	 1
65	66	 1
65	15	 -1
65	15	 1
63	50	 1
67	50	 1
67	68	 1
64	50	 -1
69	50	 -1
51	17	 1
70	0	 1
71	0	 1
72	71	 1
73	72	 1
74	71	 -1
75	74	 -1
75	76	 -1
76	75	 -1
77	0	 1
78	0	 1
78	79	 1
78	80	 1
78	81	 -1
79	78	 1
79	78	 -1
79	81	 -1
79	82	 -1
80	79	 -1
80	83	 -1
80	83	 -1
83	80	 -1
83	80	 -1
83	80	 -1
81	78	 -1
84	81	 -1
85	84	 -1
86	85	 -1
87	78	 -1
87	88	 1
87	89	 1
88	87	 -1
90	87	 1
90	91	 1
91	90	 1
91	90	 1
91	89	 1
89	87	 1
89	92	 1
89	93	 1
89	94	 -1
89	95	 1
92	89	 1
96	92	 1
97	89	 1
97	89	 1
98	89	 1
98	89	 -1
93	89	 1
93	89	 1
99	89	 1
94	89	 1
94	100	 1
101	94	 1
102	89	 -1
95	89	 1
103	95	 1
103	103	 1
104	103	 1
105	89	 1
106	89	 1
107	79	 -1
108	78	 1
109	108	 -1
110	109	 -1
111	110	 -1
112	111	 -1
113	112	 -1
114	113	 -1
115	109	 -1
116	109	 -1
117	78	 -1
118	117	 -1
119	118	 -1
120	119	 -1
3	117	 -1
3	0	 1
4	0	 -1
5	0	 -1
121	0	 -1
122	121	 -1
123	0	 -1
124	117	 -1
125	124	 -1
126	78	 -1
127	126	 1
128	78	 1
129	128	 1
130	129	 1
53	78	 1
53	131	 1
53	132	 1
133	53	 -1
134	133	 -1
135	0	 -1
136	0	 1
137	136	 -1
138	137	 -1
139	137	 -1
139	140	 -1
139	140	 1
139	82	 -1
140	139	 -1
140	139	 1
140	141	 -1
140	141	 1
140	142	 1
140	66	 -1
141	140	 -1
141	140	 -1
141	140	 1
143	137	 -1
144	0	 -1
6	144	 -1
6	145	 -1
6	0	 -1
146	144	 1
147	146	 1
148	0	 1
149	148	 -1
150	149	 -1
151	150	 -1
152	150	 -1
153	149	 -1
154	153	 -1
155	148	 -1
156	155	 -1
157	156	 -1
158	156	 1
159	148	 1
160	148	 -1
161	160	 -1
162	160	 1
163	162	 -1
164	148	 1
165	148	 -1
166	0	 1
167	166	 1
168	167	 -1
169	0	 -1
170	169	 1
171	170	 1
172	171	 1
173	169	 1
174	0	 1
18	0	 1
175	18	 -1
176	175	 -1
177	0	 -1
178	0	 1
179	0	 -1
180	179	 -1
181	180	 -1
182	0	 1
183	0	 1
184	0	 1
185	0	 1
186	3	 1
186	187	 1
187	186	 1
82	3	 -1
145	79	 -1
188	6	 -1
189	188	 -1
190	189	 -1
7	145	 -1
68	0	 -1
191	145	 -1
192	3	 -1
193	192	 -1
194	192	 -1
195	192	 -1
196	195	 -1
197	192	 -1
19	3	 1
20	15	 -1
198	20	 -1
199	19	 1
200	3	 -1
201	200	 -1
100	3	 1
202	100	 1
203	3	 -1
203	204	 -1
205	0	 1
59	0	 1
206	59	 1
207	59	 -1
208	207	 -1
142	59	 1
142	140	 1
209	0	 1
210	0	 1
9	0	 1
204	0	 -1
211	203	 -1
212	203	 -1
213	9	 -1
214	213	 -1
215	214	 1
216	0	 1
66	0	 1
217	140	 -1
21	66	 -1
21	15	 -1
218	0	 1
218	219	 1
220	218	 1
221	220	 1
221	219	 1
219	221	 1
219	218	 1
30	2	 1
222	223	 -1
222	223	 -1
222	223	 -1
222	224	 -1
222	224	 -1
222	224	 -1
222	225	 -1
222	226	 1
222	227	 -1
222	228	 -1
222	229	 -1
222	230	 -1
222	231	 -1
222	232	 1
222	233	 1
222	234	 1
222	235	 1
222	236	 -1
222	237	 -1
223	222	 1
223	222	 -1
223	222	 -1
223	238	 -1
223	239	 -1
223	240	 1
238	223	 -1
241	223	 -1
242	241	 -1
243	223	 -1
244	243	 -1
245	223	 -1
246	245	 -1
247	246	 -1
248	247	 -1
239	223	 -1
249	222	 -1
250	222	 -1
250	251	 1
250	251	 -1
250	251	 1
250	251	 -1
224	222	 -1
224	222	 -1
224	222	 -1
224	222	 -1
252	222	 -1
252	222	 1
253	222	 -1
225	222	 -1
254	223	 1
254	255	 1
256	254	 1
257	256	 -1
258	257	 1
258	229	 1
258	235	 1
259	257	 -1
259	260	 1
260	256	 1
261	260	 -1
262	260	 1
255	254	 1
255	254	 1
255	263	 -1
264	255	 -1
264	265	 1
265	264	 -1
266	254	 1
267	254	 1
263	267	 -1
263	255	 -1
263	255	 -1
263	268	 -1
263	227	 1
263	269	 -1
263	270	 -1
263	271	 -1
263	272	 1
273	263	 -1
273	222	 1
273	222	 1
273	274	 1
273	275	 1
273	276	 1
277	254	 1
226	222	 1
226	222	 1
227	222	 1
227	278	 -1
279	227	 1
278	227	 -1
280	227	 1
281	280	 1
282	222	 -1
251	227	 1
251	283	 -1
251	283	 -1
251	284	 1
251	285	 1
251	285	 1
251	285	 1
251	250	 -1
251	250	 1
283	251	 1
283	251	 -1
284	251	 1
284	251	 1
285	251	 1
285	251	 1
285	251	 1
285	270	 1
285	286	 -1
268	251	 -1
268	263	 -1
287	222	 1
288	222	 1
289	288	 1
290	222	 -1
228	222	 1
286	228	 -1
286	291	 1
286	292	 -1
286	293	 1
294	286	 -1
295	222	 -1
295	296	 -1
295	296	 1
229	222	 -1
297	222	 1
298	222	 1
299	298	 1
300	222	 1
301	300	 -1
302	301	 -1
269	300	 -1
303	269	 -1
304	269	 1
304	305	 1
304	306	 -1
307	304	 -1
305	304	 -1
308	222	 1
309	308	 1
230	222	 1
310	230	 -1
311	222	 -1
312	222	 1
313	222	 1
270	222	 1
314	270	 1
315	270	 1
316	315	 1
316	317	 1
318	315	 1
319	318	 1
320	315	 1
321	320	 1
322	321	 1
323	322	 1
324	320	 1
325	324	 1
326	324	 1
327	326	 1
328	327	 -1
329	328	 -1
330	329	 1
331	320	 1
332	320	 1
333	315	 -1
334	333	 -1
335	334	 -1
27	315	 -1
336	27	 -1
337	27	 -1
338	27	 -1
28	26	 1
28	339	 -1
340	26	 -1
340	341	 -1
340	342	 1
341	340	 -1
342	340	 -1
343	315	 -1
344	270	 -1
345	344	 -1
296	270	 -1
296	295	 1
346	270	 -1
347	346	 -1
347	348	 1
348	347	 1
348	347	 1
349	347	 1
350	270	 1
351	350	 1
352	351	 -1
353	352	 -1
354	353	 -1
355	352	 -1
356	350	 -1
357	356	 -1
358	357	 -1
359	358	 1
360	357	 1
361	356	 -1
362	361	 -1
363	362	 -1
364	363	 -1
365	356	 -1
366	365	 -1
367	366	 -1
368	367	 -1
369	368	 -1
370	369	 -1
371	370	 -1
372	371	 1
373	372	 1
374	367	 -1
375	374	 -1
376	375	 1
377	376	 1
378	366	 -1
379	378	 1
380	379	 1
381	380	 1
382	366	 -1
383	382	 1
384	383	 1
385	356	 1
386	385	 -1
387	386	 1
388	356	 -1
389	388	 -1
390	389	 -1
391	270	 1
392	391	 -1
392	393	 1
394	392	 -1
393	392	 -1
395	392	 -1
396	392	 -1
397	392	 -1
398	391	 1
398	317	 1
317	398	 1
317	399	 1
317	400	 -1
317	401	 1
402	391	 1
403	402	 1
404	403	 1
404	405	 1
404	406	 1
407	391	 1
408	391	 1
409	270	 -1
410	409	 -1
411	270	 1
412	270	 -1
413	270	 1
414	270	 1
415	270	 1
416	270	 1
417	270	 -1
417	418	 1
418	417	 -1
419	270	 1
399	270	 1
420	399	 1
339	420	 -1
421	420	 -1
422	421	 -1
406	399	 1
405	406	 1
423	399	 1
401	317	 1
400	401	 -1
424	400	 -1
424	425	 -1
425	424	 -1
426	317	 -1
427	401	 1
428	317	 1
429	263	 -1
271	263	 -1
271	263	 -1
430	270	 -1
430	431	 1
431	430	 -1
231	222	 -1
291	222	 -1
292	291	 -1
432	222	 1
232	222	 1
232	222	 1
433	222	 -1
434	222	 1
306	222	 -1
435	306	 1
436	306	 -1
437	436	 1
438	436	 -1
439	436	 1
440	304	 -1
441	222	 1
442	441	 -1
443	442	 -1
444	222	 -1
445	444	 -1
446	445	 -1
446	447	 1
446	447	 1
447	446	 -1
447	446	 1
448	444	 -1
233	222	 1
449	222	 -1
450	449	 -1
293	222	 -1
451	293	 -1
452	451	 1
453	452	 1
454	453	 1
234	222	 1
455	222	 1
455	456	 1
456	234	 1
272	222	 1
457	222	 -1
458	222	 -1
459	222	 -1
460	222	 1
460	461	 -1
461	460	 1
461	460	 -1
462	222	 -1
463	222	 1
464	222	 1
465	222	 1
235	222	 1
466	222	 1
236	222	 1
236	222	 -1
467	236	 1
468	222	 1
469	222	 1
470	222	 1
471	222	 -1
472	222	 1
473	222	 1
474	222	 -1
475	222	 1
237	222	 -1
476	222	 -1
477	478	 1
479	478	 1
480	478	 1
481	480	 1
481	131	 1
131	478	 1
132	131	 1
482	478	 1
483	478	 1
484	478	 1
485	484	 1
486	478	 1
240	223	 1
240	487	 -1
240	487	 1
240	488	 1
240	489	 -1
240	490	 1
240	491	 1
240	491	 1
240	492	 1
240	493	 1
240	494	 1
240	495	 1
240	495	 1
240	496	 1
240	497	 -1
240	498	 -1
240	498	 1
240	499	 1
240	500	 1
240	501	 1
240	502	 1
240	503	 -1
504	240	 1
487	240	 1
487	505	 -1
488	240	 1
489	240	 1
490	240	 -1
491	240	 1
491	240	 1
491	240	 1
491	494	 -1
491	506	 1
507	240	 1
508	240	 1
492	240	 1
492	497	 1
492	509	 1
510	492	 1
493	240	 1
493	240	 1
511	240	 1
512	511	 1
494	240	 1
494	240	 1
494	513	 -1
513	494	 -1
513	514	 -1
514	513	 -1
505	494	 -1
495	505	 -1
495	515	 1
495	240	 1
495	240	 1
515	495	 1
516	495	 1
517	495	 1
496	240	 1
518	240	 1
519	240	 1
520	497	 1
521	520	 1
522	520	 1
509	492	 1
523	509	 1
524	492	 -1
525	497	 1
498	240	 -1
498	240	 -1
498	240	 1
499	498	 1
500	240	 -1
526	500	 1
527	240	 -1
528	497	 1
529	497	 1
529	530	 1
529	529	 1
530	529	 1
531	532	 1
531	533	 -1
531	534	 -1
535	531	 1
536	531	 1
537	531	 1
538	537	 1
539	538	 1
540	537	 -1
541	540	 -1
542	541	 -1
543	542	 -1
544	543	 1
545	544	 1
546	545	 1
547	546	 1
548	547	 -1
549	548	 -1
550	549	 -1
551	550	 -1
552	542	 -1
553	552	 -1
554	553	 -1
555	554	 1
556	555	 1
557	555	 1
506	531	 1
558	491	 1
559	506	 1
560	559	 1
560	531	 1
501	531	 1
501	561	 1
501	562	 1
501	563	 1
501	564	 1
501	565	 1
501	240	 1
561	501	 1
562	501	 1
562	563	 1
562	240	 1
562	531	 -1
562	566	 -1
562	567	 1
562	567	 1
562	567	 1
562	568	 1
563	501	 1
569	501	 -1
564	501	 1
564	501	 1
564	570	 1
564	571	 1
564	572	 1
570	564	 1
571	564	 1
572	564	 1
565	501	 1
565	573	 1
573	501	 1
574	501	 -1
502	240	 1
502	240	 1
575	562	 1
575	576	 1
576	575	 1
576	575	 1
576	575	 1
532	531	 -1
532	503	 1
533	531	 -1
534	531	 -1
577	531	 -1
578	577	 1
579	578	 1
580	579	 1
581	580	 1
582	581	 1
583	534	 1
584	583	 1
585	584	 1
586	585	 1
587	586	 1
588	587	 1
503	532	 -1
503	532	 -1
589	503	 -1
590	503	 1
591	531	 -1
592	531	 1
593	592	 1
594	531	 1
594	595	 -1
594	595	 1
595	594	 1
595	594	 -1
595	594	 1
596	594	 -1
597	531	 1
566	562	 1
567	562	 -1
567	562	 1
567	562	 1
568	562	 1
598	599	 1
274	598	 1
600	274	 1
275	274	 1
601	273	 1
276	599	 1
276	273	 1
602	276	 1
603	276	 1
