#	3224
0	1	1
0	2	1
0	2	1
3	0	1
1	0	1
1	4	1
1	5	1
1	6	1
1	7	1
1	8	1
1	8	1
1	9	1
1	10	1
1	11	1
1	12	1
1	13	1
1	13	1
1	14	1
1	15	1
1	16	1
1	16	1
1	16	1
1	16	1
1	16	1
1	16	1
1	16	1
1	16	1
1	16	1
1	16	1
1	16	1
1	16	1
1	1	1
1	17	1
1	18	1
1	19	1
1	20	1
1	21	1
1	22	1
1	23	1
1	23	1
1	24	1
1	25	1
1	26	1
1	27	1
1	28	1
1	29	1
1	30	1
1	31	1
1	32	1
1	33	1
1	34	1
1	34	1
1	35	1
1	36	1
1	37	1
1	37	1
1	38	1
1	39	1
1	40	1
1	41	1
1	42	1
1	43	1
1	44	1
1	44	1
1	45	1
1	46	1
1	47	1
1	47	1
1	48	1
1	49	1
1	50	1
1	51	1
1	52	1
1	53	1
1	54	1
1	54	1
1	54	1
1	55	1
1	56	1
1	57	1
1	58	1
1	59	1
1	60	1
1	61	1
1	62	1
1	63	1
1	64	1
1	65	1
1	66	1
1	67	1
1	68	1
1	69	1
1	70	1
1	71	1
1	72	1
1	73	1
1	74	1
1	74	1
1	75	1
1	76	1
1	77	1
1	78	1
1	79	1
1	79	1
1	80	1
1	81	1
1	82	1
1	83	1
1	84	1
1	85	1
1	86	1
1	86	1
1	86	1
1	86	1
1	87	1
1	88	1
1	89	1
1	90	1
1	91	1
1	92	1
1	93	1
1	93	1
1	93	1
1	94	1
1	94	1
1	94	1
1	95	1
1	96	1
1	97	1
1	98	1
1	99	1
1	99	1
1	100	1
1	101	1
1	102	1
1	103	1
1	104	1
1	104	1
1	105	1
1	106	1
1	106	1
1	107	1
1	108	1
1	109	1
1	110	1
1	110	1
2	0	1
2	0	1
2	0	1
111	0	1
111	112	1
111	112	1
111	113	1
111	113	1
111	114	1
111	115	1
111	115	1
111	116	1
111	117	1
111	118	1
119	0	1
120	121	1
120	121	1
120	122	1
120	123	1
120	124	1
120	125	1
120	126	1
120	120	1
120	120	1
120	127	1
120	127	1
120	127	1
120	127	1
120	128	1
121	120	1
121	120	1
122	120	1
123	120	1
129	120	1
130	129	1
131	130	1
124	131	1
132	120	1
125	120	1
133	120	1
126	120	1
126	120	1
127	120	1
127	120	1
127	120	1
127	120	1
127	134	1
127	135	1
127	136	1
127	136	1
127	137	1
127	70	1
127	138	1
127	138	1
127	138	1
127	139	1
127	139	1
127	140	1
127	141	1
127	9	1
127	142	1
127	143	1
127	143	1
127	143	1
127	144	1
127	145	1
127	146	1
127	147	1
127	148	1
127	149	1
127	149	1
127	149	1
127	150	1
127	151	1
127	152	1
127	153	1
127	154	1
127	155	1
127	156	1
127	157	1
127	158	1
127	159	1
127	160	1
127	161	1
127	162	1
127	162	1
127	162	1
127	162	1
127	162	1
127	163	1
127	164	1
127	165	1
127	166	1
127	167	1
127	168	1
127	169	1
127	170	1
127	171	1
127	172	1
127	173	1
127	174	1
127	175	1
127	176	1
127	176	1
127	177	1
127	178	1
127	179	1
127	180	1
127	181	1
134	127	1
135	127	1
182	120	1
182	72	1
182	183	1
182	183	1
182	183	1
182	184	1
182	185	1
182	185	1
182	166	1
182	186	1
182	186	1
182	186	1
182	187	1
182	188	1
182	188	1
182	189	1
182	189	1
182	190	1
182	191	1
182	191	1
182	70	1
182	70	1
182	192	1
182	193	1
182	194	1
182	195	1
182	87	1
128	120	1
128	120	1
196	197	1
196	198	1
196	199	1
196	200	1
196	201	1
202	197	1
202	6	1
202	203	1
202	204	1
202	204	1
202	204	1
202	205	1
202	206	1
202	207	1
202	208	1
202	209	1
202	210	1
202	211	1
202	212	1
202	212	1
202	213	1
202	214	1
202	214	1
202	215	1
202	215	1
202	216	1
202	217	1
202	217	1
202	218	1
202	219	1
202	220	1
202	221	1
202	221	1
202	222	1
202	223	1
202	223	1
112	111	1
224	112	1
225	112	1
226	112	1
227	228	1
227	228	1
228	227	1
228	227	1
228	229	1
228	229	1
228	230	1
228	231	1
228	232	1
228	233	1
228	234	1
228	235	1
228	235	1
228	236	1
228	236	1
228	236	1
228	236	1
228	237	1
228	63	1
228	238	1
228	238	1
228	238	1
228	239	1
228	239	1
228	240	1
228	240	1
228	241	1
242	243	1
243	242	1
243	242	1
243	78	1
243	78	1
243	244	1
243	245	1
243	246	1
243	12	1
243	12	1
243	12	1
243	12	1
243	12	1
243	12	1
243	247	1
243	248	1
243	248	1
243	249	1
243	8	1
243	8	1
243	250	1
243	251	1
243	252	1
243	252	1
243	199	1
243	199	1
243	253	1
243	254	1
243	255	1
243	256	1
243	256	1
243	256	1
243	257	1
243	257	1
243	257	1
243	257	1
243	257	1
243	258	1
243	49	1
243	49	1
243	49	1
243	49	1
243	49	1
243	49	1
243	259	1
243	50	1
243	260	1
243	260	1
243	260	1
243	261	1
243	262	1
243	262	1
243	263	1
243	264	1
243	265	1
243	265	1
243	266	1
243	81	1
243	267	1
243	267	1
243	267	1
243	267	1
243	267	1
243	267	1
243	267	1
243	267	1
243	267	1
243	268	1
243	269	1
243	270	1
243	271	1
243	86	1
243	87	1
243	87	1
243	272	1
243	272	1
243	272	1
243	272	1
243	272	1
243	93	1
243	273	1
243	274	1
243	275	1
243	276	1
243	276	1
243	277	1
243	277	1
243	277	1
243	278	1
243	278	1
243	105	1
243	279	1
243	280	1
243	280	1
243	280	1
243	281	1
243	282	1
243	110	1
283	242	1
283	284	1
285	70	1
286	285	1
286	287	1
286	138	1
286	138	1
286	138	1
286	288	1
286	229	1
286	230	1
286	289	1
286	114	1
286	114	1
286	290	1
286	291	1
286	231	1
286	25	1
286	292	1
286	293	1
286	232	1
286	232	1
286	232	1
286	232	1
286	232	1
286	294	1
286	295	1
286	296	1
286	159	1
286	257	1
286	297	1
286	297	1
286	298	1
286	299	1
286	70	1
286	59	1
286	300	1
286	300	1
286	301	1
286	302	1
286	302	1
286	303	1
286	304	1
286	168	1
286	305	1
286	306	1
286	239	1
286	75	1
286	307	1
286	308	1
286	308	1
286	309	1
286	171	1
286	171	1
286	310	1
286	311	1
286	275	1
286	275	1
286	312	1
286	313	1
286	313	1
286	313	1
286	314	1
286	315	1
287	286	1
316	70	1
316	30	1
316	317	1
316	318	1
316	278	1
316	319	1
316	319	1
316	319	1
316	319	1
316	319	1
316	319	1
136	70	1
136	127	1
136	127	1
136	166	1
137	127	1
137	70	1
137	30	1
320	70	1
4	321	1
4	322	1
4	323	1
4	324	1
4	325	1
4	325	1
4	326	1
4	326	1
4	326	1
4	327	1
4	327	1
4	327	1
4	328	1
4	1	1
321	4	1
322	4	1
323	4	1
324	4	1
325	4	1
325	4	1
326	4	1
326	4	1
326	4	1
326	288	1
326	115	1
326	291	1
326	72	1
326	39	1
326	0	1
326	329	1
326	330	1
326	331	1
326	332	1
326	83	1
326	333	1
326	275	1
326	275	1
326	334	1
327	4	1
327	4	1
327	4	1
327	327	1
327	327	1
328	4	1
335	336	1
335	337	1
336	335	1
338	335	1
337	335	1
339	335	1
339	340	1
339	249	1
339	341	1
339	342	1
339	343	1
339	255	1
339	344	1
339	345	1
339	346	1
339	347	1
339	348	1
349	350	1
350	349	1
350	59	1
350	351	1
352	349	1
353	349	1
354	355	1
356	354	1
356	96	1
356	96	1
356	357	1
358	354	1
358	359	1
358	58	1
358	355	1
360	354	1
360	42	1
360	299	1
138	361	1
138	362	1
138	363	1
138	286	1
138	127	1
138	127	1
138	138	1
138	138	1
138	138	1
138	138	1
361	138	1
362	138	1
363	138	1
364	138	1
139	365	1
139	366	1
139	367	1
139	127	1
139	368	1
139	369	1
139	151	1
139	370	1
139	295	1
139	295	1
139	286	1
139	156	1
139	371	1
139	371	1
139	372	1
139	302	1
139	307	1
139	373	1
365	139	1
366	139	1
367	139	1
369	139	1
369	139	1
369	139	1
369	139	1
369	374	1
368	139	1
288	375	1
288	288	1
376	288	1
375	288	1
377	288	1
377	378	1
377	379	1
377	70	1
377	380	1
377	381	1
377	302	1
377	382	1
377	109	1
383	288	1
383	384	1
383	229	1
383	229	1
383	385	1
383	386	1
383	387	1
383	388	1
383	141	1
383	141	1
383	127	1
383	389	1
383	151	1
383	390	1
383	391	1
383	392	1
383	295	1
383	159	1
383	393	1
383	394	1
383	162	1
383	395	1
383	237	1
383	59	1
383	286	1
383	396	1
383	355	1
383	397	1
383	398	1
383	241	1
383	103	1
383	179	1
399	288	1
400	401	1
402	401	1
402	403	1
402	403	1
402	404	1
402	311	1
405	406	1
405	407	1
405	408	1
405	408	1
405	408	1
405	409	1
406	405	1
407	405	1
410	407	1
410	411	1
410	412	1
411	410	1
413	405	1
408	405	1
408	405	1
408	405	1
408	405	1
408	414	1
408	414	1
408	414	1
409	405	1
409	415	1
409	416	1
409	93	1
415	409	1
416	409	1
417	409	1
418	409	1
6	419	1
6	419	1
6	420	1
6	421	1
6	422	1
6	423	1
6	424	1
6	202	1
6	425	1
6	425	1
6	426	1
6	427	1
6	205	1
6	428	1
6	429	1
6	430	1
419	6	1
419	6	1
420	6	1
420	86	1
420	86	1
420	86	1
420	431	1
421	6	1
422	6	1
432	6	1
423	432	1
423	433	1
423	6	1
423	87	1
433	423	1
424	6	1
434	6	1
434	435	1
434	436	1
434	86	1
434	86	1
434	86	1
434	333	1
425	6	1
425	6	1
425	6	1
425	6	1
425	207	1
425	437	1
425	437	1
425	437	1
425	438	1
425	439	1
425	223	1
425	223	1
425	440	1
426	6	1
427	6	1
427	6	1
427	441	1
427	442	1
427	237	1
427	427	1
427	314	1
443	6	1
443	444	1
444	443	1
444	6	1
444	395	1
444	70	1
445	6	1
446	6	1
446	447	1
205	6	1
205	448	1
205	449	1
205	449	1
205	342	1
205	450	1
428	6	1
428	428	1
428	86	1
429	6	1
429	6	1
79	6	1
79	15	1
79	26	1
79	26	1
79	26	1
79	451	1
79	452	1
79	65	1
79	453	1
79	454	1
79	1	1
79	455	1
456	457	1
456	458	1
456	459	1
456	459	1
456	459	1
456	70	1
456	460	1
456	460	1
461	456	1
457	456	1
457	456	1
458	456	1
462	456	1
459	456	1
459	456	1
459	456	1
459	456	1
459	456	1
459	463	1
464	456	1
463	459	1
465	466	1
465	467	1
465	250	1
78	243	1
78	243	1
468	78	1
468	469	1
468	248	1
468	468	1
468	256	1
470	78	1
470	471	1
472	78	1
472	11	1
472	11	1
472	473	1
472	474	1
472	475	1
476	477	1
476	478	1
476	479	1
477	476	1
478	476	1
479	476	1
479	480	1
481	482	1
481	482	1
481	483	1
482	481	1
482	481	1
482	482	1
482	44	1
482	484	1
482	484	1
483	481	1
26	481	1
26	79	1
26	79	1
26	1	1
26	485	1
486	481	1
486	487	1
486	488	1
486	489	1
486	490	1
486	330	1
486	330	1
486	491	1
486	169	1
486	169	1
486	169	1
486	492	1
486	493	1
486	494	1
486	494	1
486	483	1
7	495	1
7	496	1
7	496	1
7	496	1
7	7	1
7	497	1
7	498	1
499	7	1
499	248	1
499	500	1
501	7	1
495	7	1
495	289	1
495	342	1
495	342	1
495	502	1
495	297	1
495	330	1
495	503	1
495	60	1
495	504	1
495	439	1
495	70	1
495	505	1
495	506	1
495	507	1
495	508	1
495	508	1
495	509	1
495	510	1
495	511	1
495	511	1
495	512	1
495	512	1
513	514	1
515	513	1
515	516	1
515	517	1
515	38	1
515	38	1
515	38	1
515	518	1
515	518	1
515	519	1
515	183	1
515	183	1
515	183	1
515	520	1
515	47	1
515	268	1
515	521	1
515	344	1
515	522	1
515	70	1
515	67	1
515	523	1
515	523	1
515	524	1
515	308	1
515	525	1
515	525	1
515	333	1
515	94	1
515	94	1
515	526	1
515	527	1
515	528	1
515	528	1
515	529	1
515	530	1
515	531	1
515	532	1
515	533	1
515	533	1
515	533	1
515	493	1
515	493	1
515	534	1
515	535	1
515	536	1
515	537	1
515	223	1
515	105	1
514	513	1
538	514	1
538	80	1
8	539	1
8	539	1
8	540	1
8	1	1
8	541	1
8	243	1
539	8	1
539	8	1
485	8	1
485	497	1
485	26	1
485	26	1
540	8	1
542	8	1
543	544	1
543	544	1
543	543	1
545	543	1
546	543	1
546	547	1
546	70	1
546	548	1
546	549	1
546	550	1
544	546	1
544	543	1
544	551	1
384	552	1
552	384	1
553	384	1
554	70	1
555	70	1
555	70	1
556	70	1
378	557	1
557	378	1
558	378	1
559	560	1
559	561	1
559	203	1
559	214	1
559	374	1
559	562	1
559	562	1
559	342	1
559	502	1
559	152	1
559	254	1
559	163	1
559	563	1
559	48	1
559	564	1
559	565	1
559	70	1
559	484	1
559	566	1
567	568	1
567	569	1
567	570	1
571	567	1
568	567	1
568	567	1
569	567	1
569	164	1
570	567	1
572	573	1
574	572	1
305	574	1
305	572	1
305	70	1
305	286	1
573	572	1
575	572	1
576	572	1
577	572	1
229	578	1
229	228	1
229	286	1
229	383	1
229	579	1
229	579	1
578	229	1
578	229	1
580	229	1
581	229	1
582	383	1
582	583	1
584	383	1
584	585	1
579	229	1
579	229	1
579	229	1
586	229	1
587	229	1
588	229	1
346	140	1
346	256	1
589	140	1
590	140	1
591	140	1
591	592	1
591	592	1
591	37	1
591	593	1
591	593	1
591	594	1
591	595	1
591	596	1
597	140	1
598	597	1
599	140	1
599	86	1
600	140	1
600	469	1
600	601	1
600	602	1
497	244	1
497	603	1
497	603	1
497	603	1
497	603	1
497	603	1
497	603	1
497	603	1
497	198	1
497	198	1
497	604	1
497	604	1
497	605	1
497	606	1
497	203	1
497	143	1
497	144	1
497	13	1
497	13	1
497	13	1
497	13	1
497	13	1
497	13	1
497	13	1
497	13	1
497	13	1
497	13	1
497	13	1
497	607	1
497	608	1
497	608	1
497	608	1
497	608	1
497	608	1
497	609	1
497	17	1
497	610	1
497	115	1
497	611	1
497	611	1
497	611	1
497	612	1
497	612	1
497	613	1
497	614	1
497	93	1
497	150	1
497	502	1
497	502	1
497	615	1
497	616	1
497	616	1
497	152	1
497	617	1
497	618	1
497	37	1
497	37	1
497	468	1
497	256	1
497	256	1
497	256	1
497	256	1
497	256	1
497	256	1
497	265	1
497	70	1
497	619	1
497	620	1
497	621	1
497	44	1
497	164	1
497	622	1
497	623	1
497	623	1
497	623	1
497	624	1
497	625	1
497	626	1
497	48	1
497	48	1
497	627	1
497	51	1
497	51	1
497	51	1
497	51	1
497	51	1
497	51	1
497	51	1
497	628	1
497	260	1
497	380	1
497	380	1
497	329	1
497	329	1
497	629	1
497	629	1
497	630	1
497	54	1
497	631	1
497	631	1
497	631	1
497	522	1
497	522	1
497	437	1
497	437	1
497	632	1
497	632	1
497	632	1
497	632	1
497	632	1
497	632	1
497	201	1
497	201	1
497	267	1
497	267	1
497	267	1
497	212	1
497	212	1
497	346	1
497	633	1
497	438	1
497	438	1
497	47	1
497	47	1
497	523	1
497	68	1
497	214	1
497	214	1
497	634	1
497	634	1
497	634	1
497	634	1
497	439	1
497	635	1
497	436	1
497	436	1
497	436	1
497	436	1
497	436	1
497	436	1
497	270	1
497	636	1
497	75	1
497	637	1
497	637	1
497	637	1
497	637	1
497	471	1
497	471	1
497	638	1
497	638	1
497	638	1
497	638	1
497	638	1
497	638	1
497	638	1
497	492	1
497	83	1
497	639	1
497	640	1
497	640	1
497	507	1
497	641	1
497	641	1
497	641	1
497	641	1
497	642	1
497	87	1
497	87	1
497	643	1
497	272	1
497	272	1
497	272	1
497	272	1
497	272	1
497	272	1
497	272	1
497	171	1
497	497	1
497	644	1
497	645	1
497	645	1
497	645	1
497	645	1
497	645	1
497	645	1
497	645	1
497	645	1
497	95	1
497	96	1
497	96	1
497	646	1
497	646	1
497	646	1
497	646	1
497	646	1
497	646	1
497	646	1
497	646	1
497	647	1
497	275	1
497	474	1
497	648	1
497	533	1
497	7	1
497	7	1
497	222	1
497	649	1
497	650	1
497	650	1
497	278	1
497	594	1
497	223	1
497	223	1
497	223	1
497	651	1
497	348	1
497	348	1
497	348	1
497	105	1
497	108	1
497	108	1
497	108	1
497	108	1
497	108	1
497	108	1
497	108	1
497	108	1
497	108	1
497	108	1
497	108	1
497	108	1
497	108	1
497	108	1
497	282	1
497	652	1
497	334	1
497	334	1
497	483	1
385	383	1
653	385	1
654	653	1
386	385	1
655	385	1
655	656	1
655	656	1
657	658	1
657	659	1
657	660	1
657	160	1
657	566	1
657	661	1
657	661	1
657	51	1
657	51	1
657	662	1
657	633	1
657	68	1
663	658	1
664	658	1
665	469	1
665	666	1
667	469	1
668	469	1
669	469	1
669	659	1
669	670	1
669	671	1
669	61	1
669	672	1
669	673	1
669	345	1
669	674	1
669	675	1
669	676	1
669	222	1
669	282	1
141	388	1
141	388	1
141	383	1
141	127	1
141	677	1
388	141	1
388	678	1
678	141	1
679	141	1
230	680	1
230	681	1
230	682	1
683	228	1
680	230	1
681	230	1
681	681	1
684	230	1
682	230	1
656	656	1
656	656	1
656	655	1
685	656	1
686	656	1
687	245	1
687	688	1
689	245	1
690	245	1
666	691	1
666	665	1
666	692	1
666	693	1
666	694	1
666	246	1
666	695	1
696	666	1
697	666	1
697	562	1
697	562	1
697	86	1
691	666	1
698	666	1
699	666	1
699	700	1
699	393	1
699	299	1
699	317	1
699	103	1
699	87	1
701	666	1
702	666	1
703	666	1
704	666	1
705	666	1
706	666	1
707	666	1
707	11	1
707	614	1
707	317	1
707	317	1
708	707	1
708	709	1
708	709	1
710	666	1
693	666	1
693	666	1
693	666	1
695	693	1
695	666	1
695	666	1
692	666	1
692	666	1
711	666	1
711	617	1
694	666	1
694	666	1
246	666	1
712	666	1
713	666	1
603	497	1
603	497	1
603	497	1
603	497	1
603	497	1
603	714	1
715	603	1
716	603	1
717	716	1
714	603	1
718	719	1
720	718	1
721	718	1
77	718	1
77	42	1
722	561	1
723	561	1
724	561	1
724	725	1
724	726	1
724	727	1
724	69	1
724	631	1
724	631	1
724	728	1
724	67	1
724	729	1
724	640	1
724	730	1
724	650	1
198	497	1
198	497	1
198	731	1
732	198	1
732	632	1
731	198	1
731	269	1
731	492	1
731	733	1
734	9	1
734	37	1
734	662	1
735	736	1
397	735	1
397	142	1
397	291	1
397	291	1
397	291	1
397	291	1
397	291	1
397	286	1
397	370	1
397	235	1
397	395	1
397	70	1
397	737	1
397	738	1
397	171	1
397	94	1
397	739	1
397	357	1
736	735	1
740	735	1
379	741	1
379	742	1
379	743	1
379	377	1
741	379	1
744	379	1
742	379	1
743	379	1
745	379	1
746	379	1
747	10	1
747	12	1
747	262	1
747	262	1
748	10	1
748	509	1
748	608	1
748	37	1
748	37	1
748	749	1
748	733	1
748	474	1
748	750	1
509	748	1
509	751	1
752	10	1
752	753	1
752	264	1
754	10	1
754	629	1
11	755	1
11	472	1
11	707	1
11	1	1
756	11	1
756	204	1
756	297	1
756	629	1
756	73	1
757	11	1
755	11	1
755	11	1
758	11	1
659	759	1
659	674	1
760	659	1
759	659	1
759	659	1
759	761	1
759	251	1
759	726	1
759	207	1
759	38	1
759	208	1
759	520	1
759	209	1
759	451	1
759	52	1
759	54	1
759	54	1
759	632	1
759	662	1
759	345	1
759	212	1
759	672	1
759	504	1
759	523	1
759	565	1
759	762	1
759	509	1
759	641	1
759	763	1
759	215	1
759	526	1
759	492	1
759	528	1
759	217	1
759	675	1
759	646	1
759	646	1
759	764	1
759	494	1
759	87	1
759	512	1
765	659	1
765	525	1
765	526	1
765	87	1
606	604	1
606	766	1
606	497	1
604	606	1
604	497	1
605	497	1
605	144	1
605	147	1
605	447	1
766	606	1
767	142	1
768	142	1
768	768	1
516	515	1
516	221	1
516	221	1
221	516	1
221	516	1
221	203	1
221	520	1
221	769	1
221	449	1
221	770	1
221	771	1
221	502	1
221	502	1
221	772	1
221	773	1
221	774	1
221	775	1
221	776	1
221	777	1
221	777	1
221	202	1
221	202	1
221	778	1
779	203	1
780	203	1
780	297	1
780	781	1
780	177	1
780	430	1
782	203	1
783	202	1
783	203	1
783	784	1
783	294	1
783	164	1
783	492	1
783	274	1
143	143	1
143	497	1
143	127	1
143	127	1
214	559	1
214	202	1
214	202	1
214	497	1
785	214	1
204	202	1
786	204	1
786	48	1
786	636	1
786	87	1
787	204	1
787	204	1
787	788	1
789	204	1
790	204	1
790	330	1
790	214	1
790	791	1
790	791	1
12	12	1
12	792	1
12	747	1
12	793	1
12	793	1
12	243	1
12	243	1
12	243	1
12	243	1
12	243	1
12	1	1
12	87	1
792	12	1
792	12	1
792	659	1
792	512	1
794	12	1
793	12	1
793	12	1
793	565	1
144	795	1
144	795	1
795	144	1
795	144	1
795	764	1
796	144	1
796	280	1
796	280	1
796	280	1
797	144	1
798	144	1
798	799	1
798	69	1
798	800	1
798	798	1
798	801	1
798	801	1
798	641	1
798	87	1
798	430	1
798	764	1
802	803	1
802	804	1
803	802	1
805	802	1
806	805	1
806	150	1
804	802	1
807	802	1
807	535	1
807	99	1
808	802	1
808	510	1
808	510	1
496	340	1
496	809	1
496	809	1
496	809	1
496	809	1
496	7	1
496	7	1
496	7	1
340	496	1
809	496	1
809	496	1
809	496	1
809	496	1
809	810	1
809	297	1
809	297	1
809	811	1
809	812	1
809	300	1
809	300	1
809	762	1
809	762	1
809	791	1
809	791	1
809	471	1
809	733	1
809	733	1
809	813	1
809	651	1
814	70	1
810	815	1
810	816	1
810	809	1
817	810	1
817	492	1
815	810	1
816	810	1
816	439	1
13	1	1
13	497	1
13	497	1
13	497	1
13	497	1
13	497	1
13	497	1
13	497	1
13	497	1
13	497	1
13	497	1
13	497	1
818	547	1
818	510	1
818	510	1
819	547	1
819	820	1
819	70	1
821	819	1
822	547	1
823	547	1
824	547	1
825	824	1
826	547	1
827	547	1
550	547	1
550	549	1
550	549	1
828	547	1
828	829	1
828	830	1
412	412	1
412	412	1
412	412	1
412	412	1
412	412	1
831	412	1
831	832	1
831	493	1
831	493	1
833	412	1
833	342	1
832	412	1
834	412	1
608	607	1
608	497	1
608	497	1
608	497	1
835	608	1
14	608	1
607	608	1
607	0	1
607	642	1
836	608	1
836	506	1
609	497	1
15	79	1
15	1	1
248	248	1
248	243	1
837	248	1
838	248	1
839	248	1
839	593	1
839	593	1
839	188	1
840	248	1
840	841	1
840	341	1
840	251	1
840	500	1
840	617	1
840	842	1
840	843	1
840	629	1
840	631	1
840	671	1
840	671	1
840	844	1
840	186	1
840	438	1
840	73	1
840	525	1
840	729	1
840	99	1
840	595	1
840	87	1
840	87	1
61	248	1
265	248	1
265	845	1
265	8	1
265	342	1
265	256	1
265	747	1
265	243	1
265	243	1
265	243	1
265	81	1
265	844	1
265	439	1
265	80	1
265	348	1
265	280	1
845	248	1
845	265	1
16	16	1
16	16	1
16	1	1
16	1	1
16	1	1
16	1	1
16	1	1
16	1	1
16	1	1
16	1	1
16	1	1
16	1	1
16	1	1
16	1	1
16	1	1
16	846	1
846	16	1
847	16	1
848	610	1
849	70	1
850	849	1
146	70	1
145	146	1
145	851	1
851	145	1
852	145	1
853	851	1
854	70	1
855	70	1
855	86	1
855	333	1
855	87	1
856	286	1
856	650	1
856	650	1
857	289	1
857	858	1
859	670	1
751	670	1
751	509	1
761	659	1
114	860	1
114	286	1
114	115	1
860	114	1
861	114	1
862	114	1
113	862	1
113	111	1
113	111	1
863	114	1
115	114	1
115	114	1
115	111	1
115	111	1
611	497	1
611	497	1
864	611	1
865	611	1
612	611	1
612	497	1
19	164	1
866	613	1
867	290	1
868	290	1
869	290	1
314	290	1
314	870	1
314	870	1
314	427	1
232	290	1
232	233	1
232	286	1
232	286	1
232	286	1
232	286	1
232	480	1
871	290	1
871	257	1
871	236	1
871	185	1
871	187	1
871	70	1
871	179	1
871	179	1
872	290	1
873	290	1
874	467	1
874	59	1
874	286	1
875	874	1
876	874	1
877	467	1
878	467	1
799	879	1
799	880	1
879	799	1
502	799	1
502	559	1
502	881	1
502	497	1
502	495	1
502	38	1
502	221	1
502	221	1
502	221	1
882	799	1
883	882	1
884	882	1
885	882	1
880	799	1
886	799	1
887	799	1
888	887	1
889	888	1
20	20	1
890	20	1
891	892	1
891	892	1
891	893	1
891	894	1
891	895	1
891	480	1
891	480	1
892	891	1
892	891	1
893	891	1
894	891	1
541	8	1
21	896	1
21	897	1
21	1	1
21	898	1
21	898	1
897	21	1
897	899	1
897	899	1
896	897	1
898	21	1
898	21	1
900	205	1
900	58	1
901	205	1
901	435	1
902	147	1
614	614	1
903	497	1
93	904	1
93	905	1
93	497	1
93	409	1
93	906	1
93	243	1
93	1	1
93	1	1
93	1	1
93	907	1
904	93	1
905	93	1
905	700	1
905	164	1
905	330	1
905	330	1
905	299	1
905	267	1
905	510	1
906	93	1
374	908	1
374	909	1
374	910	1
911	374	1
912	374	1
912	497	1
913	912	1
913	374	1
913	212	1
914	374	1
914	915	1
916	374	1
916	393	1
917	374	1
918	374	1
918	492	1
908	374	1
919	374	1
920	374	1
920	921	1
777	374	1
777	221	1
777	221	1
922	374	1
564	374	1
564	923	1
564	559	1
564	924	1
564	925	1
926	374	1
927	374	1
928	374	1
921	369	1
921	920	1
921	510	1
921	921	1
921	921	1
929	374	1
909	374	1
910	374	1
930	359	1
930	931	1
930	932	1
930	932	1
930	932	1
930	932	1
930	933	1
930	933	1
934	148	1
935	148	1
936	148	1
937	148	1
937	159	1
938	148	1
939	148	1
940	148	1
940	88	1
250	250	1
250	941	1
942	250	1
941	250	1
943	250	1
149	250	1
149	127	1
149	127	1
149	127	1
944	127	1
945	250	1
945	40	1
945	317	1
945	317	1
945	317	1
945	157	1
945	946	1
945	946	1
945	946	1
945	946	1
945	167	1
945	947	1
945	948	1
949	250	1
950	250	1
291	951	1
291	397	1
291	397	1
291	397	1
291	952	1
291	953	1
951	291	1
951	291	1
951	317	1
951	157	1
951	157	1
952	291	1
954	952	1
955	954	1
953	291	1
956	326	1
956	326	1
957	291	1
958	291	1
150	959	1
150	127	1
959	150	1
960	22	1
341	961	1
341	962	1
341	339	1
341	840	1
341	963	1
341	964	1
961	341	1
962	341	1
963	341	1
964	341	1
964	964	1
964	965	1
964	966	1
964	86	1
116	784	1
967	116	1
967	968	1
967	969	1
784	116	1
970	784	1
23	1	1
971	972	1
971	973	1
971	103	1
974	972	1
974	435	1
974	975	1
974	222	1
976	972	1
977	151	1
978	151	1
979	151	1
389	151	1
980	151	1
981	151	1
982	981	1
983	151	1
562	984	1
562	697	1
562	697	1
562	559	1
562	559	1
562	602	1
562	602	1
984	562	1
984	562	1
984	70	1
985	562	1
985	563	1
985	563	1
985	593	1
985	334	1
986	562	1
986	435	1
986	436	1
986	348	1
986	282	1
602	562	1
602	562	1
602	447	1
602	987	1
602	528	1
602	528	1
602	217	1
342	495	1
342	650	1
342	342	1
988	342	1
988	100	1
989	988	1
990	342	1
991	342	1
991	643	1
72	326	1
72	182	1
72	992	1
72	993	1
72	994	1
72	995	1
72	996	1
72	997	1
998	72	1
992	72	1
993	72	1
117	111	1
999	117	1
1000	231	1
1000	159	1
442	231	1
442	891	1
442	441	1
442	427	1
895	231	1
44	1001	1
44	1002	1
44	1003	1
44	497	1
44	1	1
44	1	1
1002	44	1
1002	44	1
1002	1001	1
1002	1004	1
1002	345	1
1002	345	1
1001	1002	1
1001	484	1
1005	488	1
966	1006	1
966	1007	1
966	1008	1
966	965	1
966	1009	1
966	1010	1
966	1011	1
966	1012	1
1007	966	1
1007	1013	1
1013	1007	1
1013	1006	1
1013	842	1
1006	1013	1
1006	1013	1
1006	966	1
1014	966	1
1008	966	1
965	966	1
965	964	1
1009	966	1
1010	966	1
1011	966	1
1012	966	1
1015	1012	1
1015	1016	1
1015	753	1
1015	264	1
1015	1017	1
1015	1018	1
1015	1019	1
1015	1020	1
1015	1021	1
1015	1022	1
1015	1023	1
1015	1024	1
1015	1025	1
1015	1026	1
1015	1027	1
1028	1028	1
1028	700	1
1028	195	1
1029	70	1
1029	1030	1
1030	1029	1
1031	70	1
1031	1032	1
1031	1033	1
1032	1031	1
1034	1032	1
881	502	1
1035	700	1
948	700	1
948	30	1
948	30	1
948	1036	1
948	946	1
948	317	1
948	1037	1
535	1038	1
535	1039	1
535	807	1
535	1040	1
535	1041	1
535	1042	1
535	1043	1
535	515	1
535	493	1
1044	535	1
1044	330	1
1038	535	1
1039	535	1
1039	186	1
1039	474	1
1039	222	1
1045	535	1
1046	535	1
1047	535	1
1047	177	1
1048	535	1
1049	535	1
1049	177	1
1050	535	1
1040	535	1
1041	535	1
1051	535	1
1051	438	1
1042	535	1
1042	535	1
1052	535	1
1053	535	1
1043	535	1
1054	535	1
25	1055	1
1055	25	1
1055	968	1
1055	1056	1
1055	1057	1
1055	1057	1
1055	75	1
1055	642	1
1055	642	1
1055	95	1
1055	95	1
390	390	1
1058	390	1
1059	390	1
391	383	1
392	383	1
1060	390	1
1060	677	1
1060	1061	1
28	1	1
899	897	1
660	1062	1
660	1063	1
660	1064	1
660	1065	1
660	1066	1
1062	660	1
1063	660	1
370	1067	1
1067	370	1
1068	370	1
1068	70	1
1068	168	1
1068	1069	1
1068	1069	1
1068	1070	1
1068	931	1
1071	370	1
319	370	1
319	156	1
319	395	1
319	1072	1
319	382	1
319	316	1
319	316	1
319	316	1
319	316	1
319	316	1
1073	377	1
1074	70	1
1074	1075	1
1074	1076	1
1075	1074	1
1076	1074	1
1077	1074	1
1078	70	1
1078	1079	1
1078	1080	1
1078	1081	1
1079	1078	1
1080	1078	1
1081	1078	1
1082	1078	1
403	402	1
403	1083	1
1084	403	1
1085	403	1
1085	1086	1
1085	1086	1
1085	1083	1
1087	403	1
1086	1087	1
1086	1088	1
1086	1089	1
1086	1090	1
1086	1091	1
1086	1092	1
1086	1083	1
1086	1083	1
1086	1083	1
1086	1083	1
1086	1083	1
1086	1093	1
1086	1094	1
1086	1094	1
1086	1094	1
1086	1094	1
1088	1086	1
1089	1086	1
1090	1086	1
1091	1086	1
1092	1086	1
1095	1086	1
1083	403	1
1083	403	1
1083	1086	1
1083	1086	1
1083	1086	1
1083	1086	1
1083	1086	1
1083	1096	1
1097	1085	1
1098	29	1
453	29	1
453	70	1
453	300	1
453	800	1
453	1099	1
453	504	1
453	47	1
453	636	1
453	76	1
453	454	1
453	102	1
968	968	1
968	968	1
1100	968	1
1100	87	1
1101	968	1
1101	640	1
252	243	1
1102	252	1
1103	252	1
725	1104	1
725	1105	1
725	1105	1
725	724	1
1104	725	1
1105	725	1
1105	725	1
1105	727	1
1105	449	1
1105	1105	1
1105	564	1
1105	1099	1
1106	725	1
615	1107	1
615	1108	1
615	1109	1
615	1110	1
615	1111	1
1107	615	1
1108	615	1
1109	615	1
1110	615	1
1112	615	1
1113	1108	1
1114	1108	1
1115	1114	1
1116	615	1
1117	615	1
1111	615	1
1111	615	1
233	1118	1
233	1119	1
1118	233	1
292	233	1
292	645	1
293	233	1
293	233	1
1119	233	1
1119	233	1
1119	233	1
1120	233	1
1121	233	1
30	1122	1
30	1123	1
30	1124	1
30	1124	1
30	1125	1
30	1126	1
30	1127	1
30	1127	1
30	1128	1
30	948	1
30	948	1
30	316	1
30	1129	1
1130	30	1
1130	187	1
1130	640	1
1122	30	1
1123	30	1
1131	1123	1
1124	30	1
1124	30	1
1125	30	1
1126	30	1
1127	30	1
1127	30	1
1127	30	1
1128	30	1
1128	1036	1
1132	948	1
1129	30	1
1133	30	1
394	1134	1
394	829	1
1135	1134	1
1136	1135	1
1137	1136	1
1138	1137	1
1139	1138	1
1140	1139	1
1141	1139	1
1142	1134	1
414	1143	1
414	1144	1
414	408	1
414	408	1
414	408	1
414	58	1
1143	414	1
1144	414	1
32	1145	1
32	1145	1
31	32	1
1146	1	1
1146	55	1
1145	32	1
1145	32	1
1145	32	1
1147	294	1
1147	70	1
1148	294	1
1148	70	1
1149	294	1
1149	1150	1
1151	294	1
1151	492	1
1151	474	1
1152	294	1
1153	294	1
1154	1153	1
1154	623	1
1154	623	1
1154	623	1
1155	1154	1
1156	294	1
1157	294	1
1158	294	1
1158	435	1
1159	294	1
1160	294	1
1161	294	1
1162	294	1
1163	294	1
1164	294	1
1165	1164	1
1166	1164	1
1167	294	1
566	294	1
566	160	1
566	657	1
566	38	1
566	52	1
566	1168	1
566	212	1
566	641	1
566	99	1
566	484	1
295	139	1
295	295	1
1169	295	1
1170	295	1
1171	295	1
1172	295	1
1173	435	1
1174	435	1
1175	435	1
1176	435	1
1177	435	1
1178	435	1
1178	629	1
1179	435	1
1179	490	1
1179	813	1
1179	494	1
1180	435	1
1181	435	1
1181	342	1
1182	435	1
1182	35	1
1182	393	1
1182	395	1
1182	70	1
1183	435	1
1184	435	1
1184	342	1
1185	435	1
750	435	1
750	491	1
750	595	1
1186	435	1
1187	435	1
1188	435	1
1189	435	1
1189	212	1
1189	748	1
1190	435	1
1191	435	1
1192	435	1
1193	435	1
1194	435	1
1195	435	1
1196	435	1
1197	435	1
1198	435	1
1199	435	1
1200	435	1
1201	435	1
1201	518	1
1202	435	1
1202	70	1
1203	435	1
1203	184	1
1203	525	1
1204	1203	1
1204	186	1
1205	435	1
511	435	1
511	342	1
511	495	1
1206	974	1
1206	50	1
1207	435	1
1208	435	1
1209	435	1
1210	435	1
1210	86	1
1211	435	1
1211	1211	1
1212	435	1
1213	435	1
1213	342	1
1214	435	1
1215	435	1
1216	435	1
1217	435	1
1218	435	1
1218	260	1
1218	492	1
1218	334	1
1219	435	1
1220	435	1
1221	435	1
1222	435	1
1222	474	1
1223	435	1
1224	435	1
1225	435	1
1004	435	1
1226	435	1
1227	435	1
1228	435	1
1229	435	1
1230	435	1
1230	1230	1
1231	435	1
1232	435	1
1233	435	1
1234	435	1
1234	284	1
1235	435	1
1235	629	1
1236	435	1
1237	435	1
1238	435	1
1238	67	1
1238	528	1
1239	435	1
1240	435	1
1241	1240	1
1242	435	1
1243	435	1
1244	435	1
1245	435	1
1245	69	1
1245	188	1
1245	188	1
1246	1247	1
616	1247	1
616	497	1
152	1248	1
152	1248	1
1249	152	1
1248	152	1
719	718	1
617	1250	1
617	497	1
617	840	1
617	711	1
1250	617	1
1250	1099	1
33	1251	1
33	1252	1
33	1252	1
33	1252	1
33	1252	1
33	1	1
1251	33	1
1253	33	1
1252	33	1
1252	33	1
1252	33	1
1252	33	1
34	1	1
34	1	1
1254	156	1
1255	156	1
153	156	1
154	127	1
155	127	1
1256	156	1
1257	156	1
157	156	1
157	1258	1
157	1259	1
157	1260	1
157	1261	1
157	1262	1
157	317	1
157	951	1
1258	157	1
1263	127	1
158	127	1
1264	127	1
1259	157	1
1260	157	1
1261	157	1
1262	157	1
1265	159	1
393	1266	1
393	699	1
393	1267	1
393	1268	1
393	829	1
393	829	1
393	1269	1
1266	393	1
1266	1270	1
1270	1266	1
1271	393	1
1267	393	1
1272	393	1
1273	393	1
1274	1273	1
1275	393	1
1276	393	1
1277	393	1
1277	317	1
1278	393	1
1268	393	1
1279	1268	1
1280	393	1
1281	393	1
1281	1282	1
1281	1283	1
1281	1283	1
1282	1281	1
1284	393	1
1284	186	1
829	393	1
829	393	1
1269	393	1
1269	1285	1
1269	395	1
1269	1286	1
1269	191	1
1269	492	1
1269	94	1
1285	1269	1
1287	70	1
1287	1288	1
1287	1289	1
1288	1287	1
1289	1287	1
1290	1287	1
1291	70	1
1292	1291	1
1293	70	1
1294	1293	1
36	183	1
36	493	1
1295	36	1
118	1296	1
1296	118	1
199	243	1
1297	199	1
1298	820	1
1299	820	1
1299	1300	1
1299	1301	1
1066	1064	1
1066	1302	1
1066	1303	1
1066	1304	1
1305	1066	1
1305	297	1
1305	297	1
1305	297	1
1306	1305	1
1307	1066	1
1308	1066	1
1303	1066	1
1309	1303	1
1309	1310	1
1064	1309	1
1302	1066	1
1065	660	1
1304	1066	1
1311	1066	1
1312	1066	1
160	1313	1
1314	160	1
1315	160	1
1313	160	1
1313	1316	1
1313	1317	1
1313	1317	1
1313	277	1
441	1318	1
441	427	1
1318	441	1
1319	441	1
1319	187	1
37	1320	1
37	1321	1
37	748	1
37	497	1
37	592	1
37	591	1
37	591	1
37	1	1
1320	37	1
1320	37	1
161	1320	1
1321	37	1
253	37	1
618	243	1
1322	37	1
592	37	1
592	591	1
592	54	1
592	186	1
592	474	1
207	759	1
1323	207	1
1323	525	1
162	1324	1
162	127	1
162	127	1
162	127	1
162	127	1
162	127	1
162	162	1
162	162	1
162	1325	1
1324	162	1
1326	383	1
1325	162	1
1325	162	1
1327	1328	1
1329	1328	1
1329	298	1
1329	298	1
1330	1328	1
38	502	1
38	515	1
38	515	1
38	628	1
38	566	1
1331	38	1
1331	800	1
1331	334	1
628	38	1
628	520	1
628	497	1
628	497	1
628	212	1
628	212	1
1332	38	1
1332	627	1
1332	528	1
519	38	1
519	515	1
518	515	1
518	1333	1
518	1334	1
518	183	1
518	183	1
518	297	1
518	297	1
518	1335	1
518	1336	1
518	1337	1
518	1338	1
518	1339	1
518	1340	1
518	1341	1
518	1342	1
518	493	1
1343	518	1
1343	474	1
1344	1343	1
1333	518	1
1333	447	1
924	518	1
924	564	1
1334	518	1
1345	518	1
1346	208	1
1346	844	1
1346	1347	1
1346	1347	1
1348	208	1
1348	632	1
1348	672	1
183	1349	1
183	515	1
183	515	1
183	1350	1
183	182	1
183	182	1
183	518	1
1349	183	1
1350	183	1
1351	520	1
1351	1352	1
1352	1351	1
1352	1351	1
1353	520	1
1310	520	1
1310	518	1
1310	1309	1
1310	187	1
1354	520	1
1354	330	1
1354	438	1
1354	492	1
1354	640	1
235	1355	1
235	234	1
235	234	1
235	397	1
1356	235	1
234	235	1
234	235	1
234	235	1
234	235	1
234	179	1
234	179	1
1355	234	1
1355	235	1
1357	235	1
1358	70	1
1358	1358	1
1358	0	1
1359	70	1
1359	625	1
1360	70	1
1361	70	1
1362	163	1
1363	163	1
255	1364	1
255	1365	1
255	78	1
255	474	1
1366	255	1
1364	255	1
1365	255	1
41	1367	1
41	1368	1
41	1369	1
41	41	1
40	41	1
1367	945	1
1370	1367	1
1371	1370	1
1372	41	1
1373	1372	1
1374	1373	1
1375	1374	1
1368	1375	1
1369	1	1
1376	41	1
345	1377	1
345	212	1
1377	345	1
1378	70	1
1379	128	1
256	243	1
256	243	1
256	243	1
256	497	1
256	497	1
256	497	1
1380	256	1
661	657	1
661	657	1
661	1381	1
661	1382	1
1381	661	1
1382	661	1
1382	345	1
47	1	1
47	497	1
842	1013	1
842	1383	1
842	1384	1
842	1385	1
43	842	1
43	1386	1
1387	842	1
1383	842	1
1388	842	1
1384	842	1
1384	842	1
1385	842	1
1385	842	1
1389	1385	1
209	202	1
257	243	1
257	243	1
257	243	1
257	243	1
257	243	1
1390	257	1
1390	330	1
200	196	1
200	1391	1
200	200	1
1391	200	1
297	1392	1
297	1393	1
297	756	1
297	1394	1
297	1394	1
297	1394	1
297	781	1
297	1395	1
297	1305	1
297	286	1
297	1396	1
297	1397	1
297	1398	1
297	495	1
297	518	1
297	518	1
297	809	1
297	809	1
1392	297	1
1392	447	1
1392	275	1
1393	297	1
1393	86	1
1393	533	1
1393	342	1
1399	297	1
1394	297	1
1394	297	1
1394	297	1
1394	297	1
1394	73	1
1394	188	1
1394	1400	1
1394	640	1
1401	297	1
781	297	1
781	780	1
781	50	1
781	342	1
1402	297	1
1395	297	1
1396	297	1
1396	438	1
1397	297	1
1398	297	1
1403	70	1
1404	70	1
619	497	1
620	497	1
1405	70	1
1405	1406	1
1406	1405	1
1407	1405	1
1386	43	1
1408	548	1
1408	546	1
1408	1409	1
1408	1410	1
404	546	1
1409	1408	1
1410	1408	1
184	1203	1
184	182	1
184	1411	1
1411	184	1
490	490	1
1412	490	1
621	1413	1
621	497	1
1413	621	1
1413	474	1
1413	675	1
1413	594	1
1413	594	1
1003	44	1
1003	1003	1
1317	258	1
1317	1313	1
1317	1313	1
268	515	1
268	268	1
480	1414	1
480	232	1
1414	480	1
1415	891	1
164	1416	1
164	1417	1
164	1418	1
164	622	1
164	1419	1
164	1420	1
164	1421	1
164	1422	1
1423	164	1
1423	164	1
1424	164	1
1425	164	1
1425	164	1
1425	164	1
1425	164	1
1426	164	1
1427	164	1
1427	164	1
1427	164	1
1416	164	1
1417	164	1
1420	164	1
1420	164	1
1420	164	1
1420	1427	1
1420	622	1
1428	164	1
1429	164	1
1418	164	1
622	164	1
622	164	1
1419	164	1
1419	164	1
1430	164	1
1431	164	1
1432	164	1
1433	164	1
1421	164	1
1422	622	1
45	1434	1
45	1	1
1434	45	1
284	1435	1
1435	284	1
1436	284	1
1437	284	1
1438	624	1
1438	623	1
623	1438	1
623	1438	1
623	1154	1
623	1154	1
623	497	1
623	497	1
1439	624	1
1440	624	1
1441	624	1
1442	624	1
1442	1443	1
625	1056	1
625	1444	1
1056	625	1
1056	1055	1
1444	625	1
563	559	1
563	525	1
563	1445	1
563	985	1
563	1446	1
563	627	1
563	1168	1
525	563	1
525	1447	1
525	515	1
525	1448	1
525	1203	1
525	1449	1
525	1323	1
1445	563	1
1445	595	1
1446	563	1
1446	563	1
1450	563	1
1450	791	1
1450	791	1
1450	791	1
1451	563	1
1452	46	1
1453	1452	1
549	550	1
549	550	1
549	1454	1
1454	550	1
1455	549	1
1456	626	1
1457	48	1
1457	50	1
1457	1457	1
1458	48	1
1458	48	1
1458	342	1
1458	342	1
236	228	1
236	228	1
236	236	1
236	1459	1
1460	236	1
1459	236	1
1459	236	1
451	79	1
49	243	1
49	243	1
49	243	1
49	243	1
49	243	1
49	243	1
259	243	1
259	259	1
1461	344	1
395	395	1
1462	395	1
1463	395	1
1464	1463	1
1465	1463	1
1466	395	1
1467	395	1
1468	395	1
1469	395	1
1470	395	1
1470	1471	1
1072	1470	1
1072	1472	1
1072	319	1
1072	317	1
1472	1470	1
1473	1474	1
1473	640	1
1475	1473	1
1474	1473	1
1476	1473	1
50	50	1
1477	50	1
1478	50	1
1479	50	1
1480	50	1
1480	7	1
1481	1457	1
1482	1457	1
1483	50	1
1484	50	1
1484	800	1
1485	50	1
1486	727	1
1487	727	1
1488	727	1
1488	330	1
1489	727	1
1490	727	1
1491	0	1
1492	0	1
210	474	1
210	509	1
1493	210	1
51	657	1
51	497	1
51	497	1
51	497	1
51	497	1
51	497	1
51	1	1
1494	69	1
449	69	1
449	769	1
449	1105	1
449	1105	1
449	221	1
449	448	1
449	448	1
449	205	1
449	205	1
260	1495	1
260	1496	1
260	1218	1
260	243	1
260	243	1
260	1497	1
260	1497	1
260	1497	1
1498	260	1
1499	260	1
1495	260	1
1500	260	1
1496	260	1
1497	260	1
1497	260	1
1497	260	1
1497	260	1
185	1501	1
185	182	1
185	1502	1
1503	185	1
1504	185	1
1505	185	1
1506	1505	1
1507	1506	1
1501	185	1
1508	1501	1
1508	185	1
1502	185	1
1502	127	1
1509	185	1
1510	185	1
1511	185	1
380	377	1
380	497	1
380	497	1
1512	53	1
298	1513	1
298	1514	1
298	286	1
298	1329	1
1513	298	1
1515	298	1
1514	298	1
1516	298	1
1517	298	1
1335	518	1
1335	186	1
1335	474	1
1518	518	1
1519	518	1
1520	518	1
1336	518	1
1337	518	1
1521	518	1
1522	518	1
1338	518	1
1523	518	1
1524	518	1
1525	518	1
1339	518	1
1526	1339	1
1526	438	1
1527	518	1
1527	330	1
1528	518	1
1340	518	1
1340	299	1
1529	518	1
1530	518	1
1531	518	1
915	518	1
915	640	1
1341	518	1
1341	518	1
1532	518	1
329	497	1
329	497	1
491	329	1
491	593	1
629	1533	1
629	1235	1
629	1534	1
1533	629	1
1535	1533	1
1536	629	1
1537	629	1
1538	497	1
1538	87	1
1538	87	1
1539	629	1
1540	629	1
1541	629	1
1542	629	1
630	497	1
54	759	1
54	1543	1
54	1	1
54	1	1
1544	759	1
1543	54	1
1545	1543	1
1546	54	1
1547	54	1
330	1548	1
330	1549	1
330	905	1
330	1550	1
330	790	1
330	486	1
330	447	1
1551	1044	1
1552	330	1
1553	330	1
1548	330	1
1548	330	1
1548	186	1
1548	640	1
1548	334	1
1554	330	1
1555	330	1
1556	330	1
1556	447	1
1556	99	1
1549	330	1
1549	497	1
1557	330	1
1558	330	1
1559	1558	1
1560	1559	1
261	1560	1
261	1561	1
1561	261	1
531	330	1
531	1099	1
531	515	1
1550	330	1
1550	447	1
1550	640	1
1562	330	1
299	299	1
1563	699	1
1564	299	1
1565	299	1
1566	299	1
1567	286	1
1568	299	1
1569	299	1
1570	299	1
1571	299	1
1572	299	1
1573	299	1
1573	688	1
55	1146	1
55	1574	1
55	1	1
1574	55	1
1575	1574	1
1575	1576	1
1576	1575	1
1577	55	1
631	497	1
631	724	1
522	497	1
522	497	1
1578	70	1
1168	1579	1
1168	566	1
1579	1168	1
1579	595	1
1580	1168	1
1581	1168	1
1582	1168	1
301	56	1
301	564	1
301	564	1
301	300	1
301	186	1
301	86	1
301	474	1
301	596	1
1033	1583	1
1033	1584	1
1033	1585	1
1033	1585	1
1033	1586	1
1033	1586	1
1583	1033	1
1584	1033	1
1587	1033	1
1585	1033	1
1585	1033	1
1586	1033	1
1586	1033	1
262	747	1
262	747	1
1588	262	1
1588	1588	1
753	262	1
263	753	1
1016	753	1
264	752	1
165	262	1
211	202	1
371	139	1
1589	750	1
331	1590	1
331	1591	1
1590	331	1
1590	1590	1
1592	331	1
1593	331	1
1594	331	1
1591	331	1
1595	1591	1
1596	1591	1
1597	331	1
437	425	1
437	425	1
437	497	1
437	497	1
632	1598	1
632	1599	1
632	497	1
632	497	1
632	497	1
632	497	1
632	508	1
1598	632	1
1598	1598	1
1599	632	1
372	1600	1
728	215	1
728	1601	1
728	724	1
215	728	1
215	202	1
1601	728	1
671	840	1
1602	671	1
381	377	1
381	1603	1
1604	381	1
1605	1604	1
1606	381	1
1607	381	1
1603	381	1
81	1608	1
81	1608	1
1609	81	1
1610	81	1
266	1610	1
1611	81	1
1612	81	1
201	497	1
1613	166	1
662	1614	1
662	759	1
662	1615	1
1614	662	1
1614	662	1
1615	662	1
769	449	1
769	221	1
448	449	1
448	205	1
1616	228	1
1617	237	1
641	345	1
641	759	1
641	497	1
641	497	1
641	497	1
1618	345	1
267	243	1
267	243	1
267	243	1
267	243	1
267	243	1
267	243	1
267	243	1
267	243	1
267	243	1
267	243	1
267	1619	1
267	267	1
267	497	1
267	497	1
267	912	1
1619	267	1
1620	267	1
811	1621	1
811	1622	1
811	1623	1
811	809	1
811	447	1
1621	811	1
1622	811	1
1623	811	1
812	811	1
59	59	1
351	350	1
1624	286	1
212	212	1
212	202	1
212	566	1
1286	212	1
1286	528	1
1625	212	1
60	60	1
60	1626	1
60	1626	1
60	495	1
60	495	1
60	1	1
1627	1086	1
1094	1086	1
1094	1086	1
1094	1086	1
1094	1086	1
923	564	1
1628	564	1
925	564	1
300	286	1
300	453	1
300	809	1
800	1484	1
62	1629	1
62	1630	1
62	1631	1
1632	62	1
1633	62	1
1633	1634	1
302	286	1
302	286	1
1635	302	1
633	657	1
633	497	1
498	633	1
498	525	1
498	7	1
498	7	1
737	397	1
1636	515	1
1637	70	1
1638	1637	1
63	1639	1
1639	63	1
1640	63	1
238	228	1
238	228	1
844	840	1
844	265	1
844	1641	1
1642	844	1
1347	1346	1
1347	1346	1
317	318	1
317	318	1
317	1643	1
317	945	1
317	945	1
317	945	1
317	1644	1
317	1645	1
317	1277	1
317	1283	1
317	1646	1
317	707	1
317	1647	1
317	1648	1
317	1648	1
317	951	1
317	157	1
317	157	1
317	946	1
317	946	1
317	1649	1
317	1650	1
317	1651	1
317	948	1
317	1652	1
318	317	1
318	316	1
318	316	1
1643	317	1
1643	317	1
1653	317	1
1654	317	1
1655	317	1
1644	317	1
637	317	1
637	1656	1
637	1656	1
637	497	1
637	497	1
637	497	1
637	497	1
1645	317	1
1650	317	1
1650	1037	1
1650	1651	1
1650	1651	1
1650	1657	1
1650	1658	1
1283	317	1
1283	1281	1
1659	1283	1
1646	317	1
1660	317	1
1661	317	1
1647	317	1
1648	317	1
1648	317	1
1662	1648	1
1663	1648	1
1664	317	1
946	317	1
946	945	1
946	945	1
946	948	1
167	945	1
947	945	1
1649	317	1
1649	70	1
1649	1665	1
1037	948	1
1651	1650	1
1657	1650	1
1666	1650	1
1658	1650	1
1667	948	1
1652	317	1
1626	60	1
303	286	1
303	1668	1
303	1669	1
303	1670	1
1671	303	1
1668	303	1
1668	303	1
1669	303	1
1670	303	1
186	1672	1
186	1673	1
186	1017	1
186	182	1
186	182	1
186	1674	1
186	1675	1
186	840	1
186	301	1
186	1284	1
1676	186	1
1672	186	1
1673	186	1
1017	186	1
1677	186	1
1674	186	1
1678	186	1
1675	186	1
1675	1679	1
1675	187	1
1680	186	1
1681	186	1
1681	342	1
1681	495	1
1682	186	1
1099	1099	1
1683	1099	1
1684	1099	1
447	1685	1
1686	447	1
1686	223	1
1687	447	1
1687	87	1
1685	447	1
1688	447	1
1689	447	1
1690	447	1
1691	447	1
1692	447	1
1692	275	1
1692	275	1
1057	1055	1
304	1693	1
304	1694	1
1695	304	1
1693	304	1
1694	304	1
1696	304	1
1697	304	1
1698	304	1
1316	214	1
1699	1316	1
438	840	1
438	1700	1
438	497	1
438	497	1
438	1396	1
438	1701	1
438	1354	1
438	1702	1
1703	438	1
1700	438	1
1704	438	1
1701	438	1
1701	282	1
1705	438	1
1706	1705	1
1706	87	1
1702	438	1
1702	438	1
1702	219	1
1702	219	1
64	1707	1
1707	64	1
1708	64	1
1709	65	1
1710	1709	1
1711	65	1
1712	65	1
1713	65	1
1713	650	1
1714	268	1
1715	342	1
1716	342	1
1716	596	1
801	798	1
168	1068	1
1069	168	1
1069	1068	1
1069	1068	1
1070	1068	1
1717	70	1
187	1718	1
187	1719	1
1720	187	1
1721	1720	1
1722	1720	1
1722	1719	1
1722	187	1
1722	187	1
1722	103	1
1722	1723	1
1722	594	1
1679	187	1
1718	187	1
1719	187	1
1724	187	1
1725	187	1
1726	187	1
1727	504	1
1727	100	1
1727	1728	1
1729	504	1
1730	67	1
1731	67	1
1732	67	1
1732	1733	1
1732	1733	1
213	1734	1
213	1734	1
1734	213	1
1734	213	1
1734	213	1
1735	1471	1
1736	1471	1
1737	1471	1
1738	1739	1
1740	1738	1
1739	1738	1
1739	931	1
1739	931	1
1739	931	1
1739	1741	1
1742	1738	1
523	515	1
523	515	1
523	759	1
1743	68	1
1744	68	1
1745	1492	1
1746	1492	1
1747	1492	1
1747	688	1
1748	1492	1
460	456	1
71	1	1
1749	1	1
1750	1649	1
306	306	1
306	306	1
1751	306	1
593	591	1
593	591	1
593	839	1
634	1752	1
634	497	1
634	497	1
634	497	1
634	1753	1
1754	634	1
1755	634	1
1752	634	1
1753	634	1
1756	1443	1
1756	275	1
1756	348	1
439	497	1
1757	439	1
1757	596	1
635	1758	1
635	1758	1
1758	635	1
1758	1759	1
1759	1758	1
1760	269	1
565	793	1
1761	565	1
1762	565	1
239	383	1
239	1763	1
1764	239	1
1764	239	1
1763	239	1
169	486	1
169	486	1
1765	169	1
1766	70	1
1766	1767	1
1767	1766	1
1768	70	1
1768	1769	1
1769	1768	1
1770	70	1
1770	1771	1
1771	1770	1
1772	1770	1
1773	1772	1
1774	70	1
1774	1775	1
1775	1774	1
1776	1774	1
1777	70	1
1778	1777	1
1779	70	1
1779	1780	1
1780	1779	1
762	1781	1
762	809	1
762	533	1
1781	762	1
673	1782	1
673	669	1
1782	673	1
1783	1784	1
95	1783	1
95	1055	1
95	95	1
1784	1783	1
436	434	1
436	497	1
436	497	1
436	497	1
1785	969	1
1786	969	1
994	72	1
1787	72	1
995	72	1
996	72	1
1788	996	1
1789	1788	1
997	72	1
1790	995	1
1791	72	1
1792	73	1
1018	73	1
188	839	1
188	1793	1
188	182	1
188	1245	1
188	190	1
1400	1394	1
1400	1794	1
1795	188	1
1019	1795	1
1793	188	1
74	1	1
1796	74	1
1665	1665	1
1797	1665	1
1798	1665	1
1799	1665	1
1800	525	1
1800	596	1
1800	1800	1
1801	525	1
1802	525	1
1802	223	1
1802	596	1
1803	345	1
1804	70	1
1805	70	1
1805	308	1
1806	70	1
1807	70	1
1807	688	1
189	182	1
791	1808	1
791	790	1
791	1450	1
791	1450	1
791	1450	1
791	1809	1
791	1810	1
791	809	1
791	809	1
791	1811	1
791	1608	1
1808	791	1
1809	791	1
1810	791	1
270	1812	1
1812	270	1
1813	270	1
332	270	1
1814	636	1
1656	637	1
76	1815	1
76	1	1
1815	76	1
1342	76	1
1342	493	1
1342	493	1
1816	1342	1
1817	76	1
1818	76	1
1819	1818	1
1819	1820	1
1820	1819	1
1821	1818	1
1822	76	1
1823	76	1
471	497	1
471	809	1
638	1824	1
638	497	1
638	497	1
638	497	1
638	497	1
638	497	1
638	497	1
638	497	1
638	497	1
638	1825	1
638	1826	1
1824	638	1
1824	100	1
1825	638	1
1825	638	1
1826	638	1
1827	551	1
1828	551	1
1828	1829	1
1828	1830	1
1828	1830	1
1828	1831	1
1828	311	1
190	1832	1
1833	190	1
1833	1733	1
1733	190	1
1733	1732	1
1733	87	1
1733	87	1
1832	190	1
1832	492	1
1832	559	1
1832	484	1
191	1834	1
191	1835	1
191	1836	1
191	1836	1
191	182	1
191	1269	1
1834	191	1
1835	191	1
1836	191	1
1836	191	1
1836	191	1
729	840	1
1837	729	1
454	79	1
454	453	1
1838	454	1
1839	454	1
1840	70	1
1841	70	1
192	70	1
193	70	1
1842	80	1
1020	80	1
307	1843	1
1843	307	1
1843	307	1
1843	1844	1
1843	1845	1
1843	1846	1
1843	1847	1
1844	1843	1
1845	1843	1
1846	1843	1
1847	1843	1
1848	1843	1
1849	492	1
1850	492	1
1021	492	1
1022	492	1
1851	492	1
1852	1851	1
1853	492	1
1853	219	1
1854	492	1
1855	492	1
1855	86	1
1856	492	1
1856	276	1
1857	492	1
1858	1354	1
1608	1859	1
1608	1860	1
1608	1860	1
1608	1861	1
1608	1861	1
1608	1862	1
1608	1811	1
1608	791	1
1859	1608	1
1860	1608	1
1861	1608	1
1861	1608	1
1863	1608	1
1864	1608	1
1865	1608	1
1862	1608	1
1811	1608	1
1811	1866	1
1866	1811	1
1867	791	1
1868	601	1
1869	601	1
1870	82	1
1871	82	1
506	836	1
1872	506	1
1873	1634	1
1874	1633	1
1874	218	1
1874	218	1
170	1875	1
1875	170	1
1876	170	1
1877	1876	1
1878	170	1
1879	640	1
1880	640	1
1880	110	1
1880	180	1
1880	1881	1
1882	640	1
1883	1548	1
1884	640	1
1885	640	1
749	640	1
1886	640	1
1887	640	1
1888	640	1
1889	640	1
1889	1890	1
1889	1891	1
1890	1889	1
1891	1889	1
788	640	1
788	87	1
639	640	1
1892	640	1
1893	640	1
1894	640	1
1895	640	1
1896	640	1
1897	497	1
1898	640	1
1899	640	1
1900	640	1
1901	640	1
1902	1901	1
84	640	1
1903	640	1
1903	223	1
1903	223	1
1904	640	1
1905	640	1
1906	640	1
271	1907	1
271	243	1
1907	271	1
1907	271	1
1908	271	1
347	1909	1
347	347	1
347	339	1
347	1910	1
1909	347	1
1910	347	1
1910	347	1
1641	1911	1
1911	1641	1
1912	1641	1
1913	543	1
1914	1913	1
1915	1914	1
738	397	1
738	1916	1
738	1916	1
1916	738	1
1916	738	1
1917	1916	1
733	809	1
1918	70	1
1918	508	1
524	515	1
1919	70	1
1920	70	1
1921	70	1
1922	70	1
1922	1923	1
1923	1922	1
1924	70	1
1925	1924	1
85	1926	1
1927	85	1
1928	507	1
1928	494	1
86	1393	1
86	420	1
86	420	1
86	1929	1
86	1210	1
86	1930	1
86	1855	1
86	434	1
86	434	1
86	1931	1
86	1932	1
86	243	1
86	301	1
86	1	1
86	1	1
86	428	1
86	964	1
86	697	1
86	855	1
86	599	1
431	420	1
1929	86	1
1929	1933	1
1930	86	1
1930	1934	1
1935	86	1
1934	86	1
1931	86	1
1931	86	1
1931	1936	1
1936	1931	1
1932	86	1
1937	86	1
355	354	1
585	355	1
396	355	1
1938	355	1
1939	641	1
642	1055	1
1940	642	1
1941	642	1
1942	642	1
1943	642	1
87	1944	1
87	1944	1
87	1945	1
87	788	1
87	987	1
87	1946	1
87	1733	1
87	497	1
87	1	1
87	1947	1
87	798	1
87	423	1
87	243	1
87	243	1
87	1948	1
87	699	1
87	1949	1
87	840	1
87	12	1
87	759	1
87	1950	1
87	1951	1
87	855	1
87	1952	1
87	1100	1
87	1953	1
87	1954	1
87	1955	1
1944	87	1
1944	87	1
1945	87	1
1956	87	1
1957	788	1
1958	87	1
987	87	1
1946	87	1
1959	87	1
1947	87	1
1947	222	1
1948	87	1
1960	1059	1
1961	1059	1
1096	1962	1
1096	1096	1
1096	1963	1
1096	1083	1
1962	1096	1
1964	1096	1
1965	1096	1
1966	1096	1
1967	1096	1
1963	1967	1
373	1968	1
373	1969	1
373	1969	1
373	1970	1
373	373	1
1971	373	1
1968	373	1
1969	373	1
1970	373	1
1972	373	1
272	643	1
272	643	1
272	243	1
272	243	1
272	243	1
272	243	1
272	243	1
272	497	1
272	497	1
272	497	1
272	497	1
272	497	1
1023	272	1
643	272	1
643	272	1
90	272	1
90	272	1
90	1	1
91	272	1
1973	629	1
1534	629	1
308	308	1
308	1974	1
308	515	1
308	1975	1
308	286	1
308	1976	1
308	1977	1
308	1977	1
1974	308	1
1975	308	1
1975	308	1
1976	308	1
1977	308	1
1977	308	1
1978	62	1
1629	62	1
1629	62	1
1630	62	1
1630	62	1
1631	62	1
1631	62	1
1979	62	1
171	309	1
171	1980	1
171	286	1
171	171	1
309	171	1
1981	309	1
1982	171	1
1980	171	1
1983	171	1
1984	70	1
1984	1985	1
1985	1984	1
1986	1984	1
1987	1986	1
1988	1986	1
1989	70	1
92	1	1
310	286	1
1990	310	1
1991	310	1
1447	525	1
1448	525	1
1449	525	1
645	497	1
645	497	1
645	497	1
645	497	1
645	497	1
645	497	1
645	497	1
1992	645	1
1993	645	1
1994	645	1
644	645	1
1995	645	1
1996	497	1
1997	645	1
1998	333	1
907	93	1
240	228	1
1830	1999	1
1830	1829	1
1830	2000	1
1999	1830	1
2001	1830	1
1829	1830	1
2002	1830	1
1831	1830	1
1831	1830	1
1831	1828	1
1831	1828	1
2000	1830	1
2000	1830	1
2003	215	1
2003	222	1
94	515	1
94	2004	1
94	1	1
94	1	1
2004	94	1
2004	94	1
527	515	1
527	515	1
311	402	1
2005	311	1
2006	311	1
2007	2006	1
2008	2007	1
2009	2008	1
2009	2010	1
2009	311	1
2010	2009	1
2011	2009	1
2012	311	1
2013	2012	1
2013	402	1
2014	311	1
2015	2014	1
2016	311	1
2017	311	1
172	2018	1
2019	172	1
2020	172	1
2018	172	1
2018	172	1
96	497	1
96	356	1
2021	70	1
2022	70	1
2023	453	1
173	453	1
646	497	1
646	497	1
646	497	1
646	497	1
646	497	1
646	497	1
646	759	1
646	759	1
646	2024	1
646	455	1
2025	70	1
2026	70	1
528	530	1
528	515	1
528	216	1
528	2027	1
528	2028	1
528	602	1
528	1238	1
528	1286	1
2029	528	1
2030	528	1
530	528	1
530	515	1
529	515	1
532	515	1
216	528	1
2031	528	1
2032	528	1
2027	528	1
2028	528	1
194	195	1
2033	195	1
2034	195	1
2035	195	1
2036	195	1
2037	98	1
398	2038	1
398	2038	1
398	2039	1
398	2040	1
398	2040	1
2041	398	1
2038	398	1
2038	398	1
2038	398	1
2039	398	1
2042	398	1
2040	398	1
2040	398	1
2040	398	1
2043	398	1
274	2044	1
274	2044	1
274	2045	1
274	243	1
274	2046	1
274	2047	1
274	2047	1
2048	274	1
2044	274	1
2044	274	1
2044	274	1
2049	274	1
2050	274	1
2045	274	1
2046	274	1
2047	274	1
2047	274	1
99	2051	1
99	106	1
99	2052	1
99	99	1
99	99	1
99	2053	1
99	2053	1
99	2054	1
99	2055	1
99	2056	1
99	2056	1
99	2056	1
99	2056	1
99	807	1
99	2057	1
99	2058	1
99	2059	1
99	1	1
99	2060	1
2061	99	1
2051	99	1
709	99	1
709	708	1
709	708	1
106	99	1
106	440	1
106	1	1
2052	99	1
2052	99	1
647	99	1
2062	99	1
2062	2063	1
2063	2062	1
2064	2062	1
2053	99	1
2053	99	1
2065	99	1
2054	99	1
1024	99	1
174	99	1
175	99	1
2066	99	1
2066	595	1
2055	99	1
2056	99	1
2056	99	1
2056	99	1
2056	99	1
2067	99	1
2057	99	1
2057	99	1
2068	99	1
2058	99	1
2069	99	1
2070	99	1
2059	99	1
2060	99	1
2071	99	1
275	2072	1
275	286	1
275	326	1
275	1692	1
275	2073	1
2074	275	1
2072	275	1
2075	275	1
2076	275	1
2077	275	1
2073	275	1
508	495	1
508	1918	1
508	508	1
508	219	1
2078	508	1
2078	2079	1
2079	2078	1
2080	508	1
2081	508	1
1301	1301	1
1300	1301	1
2082	1301	1
2083	474	1
2084	2083	1
1025	2084	1
2085	474	1
473	474	1
2086	474	1
1952	474	1
1952	2087	1
1952	1222	1
1952	475	1
1952	87	1
2088	474	1
2089	474	1
2087	474	1
475	1952	1
2090	474	1
2091	217	1
648	2092	1
648	2092	1
648	2093	1
2092	648	1
2092	648	1
2092	648	1
2093	648	1
2093	348	1
100	1727	1
2094	100	1
2095	100	1
931	931	1
931	2096	1
931	2097	1
931	2098	1
931	2099	1
931	2100	1
931	2101	1
931	2102	1
931	930	1
931	932	1
931	1739	1
931	1739	1
931	2103	1
2096	931	1
2097	931	1
2098	931	1
2099	931	1
2100	931	1
2101	931	1
2102	931	1
932	930	1
932	930	1
932	930	1
932	930	1
932	930	1
2103	931	1
2104	675	1
2105	675	1
176	2106	1
176	127	1
2106	176	1
2107	176	1
2108	176	1
218	2109	1
218	1874	1
2109	218	1
177	177	1
2110	177	1
2111	177	1
2112	2111	1
2113	177	1
2113	104	1
2114	177	1
676	2115	1
676	669	1
676	2116	1
2115	676	1
2117	676	1
2118	676	1
2119	676	1
2116	676	1
533	515	1
533	515	1
533	497	1
533	2120	1
533	762	1
2120	497	1
2120	533	1
1951	533	1
1951	87	1
1951	87	1
2121	70	1
2122	2121	1
2123	583	1
583	2123	1
2124	583	1
219	2125	1
219	2125	1
219	2126	1
219	1853	1
219	2127	1
219	202	1
219	2128	1
219	508	1
219	1702	1
2125	219	1
2126	219	1
2129	219	1
2127	219	1
2128	219	1
2128	219	1
510	818	1
510	921	1
510	921	1
510	905	1
510	2130	1
510	2131	1
510	808	1
510	2132	1
510	2133	1
510	495	1
510	2134	1
2135	510	1
2136	510	1
2136	2137	1
2137	2136	1
2138	510	1
2130	510	1
2130	510	1
2131	510	1
2139	510	1
2140	510	1
2132	510	1
2133	510	1
2141	510	1
2134	510	1
2134	510	1
101	2142	1
101	1	1
2142	101	1
2143	342	1
2144	342	1
2144	87	1
2145	342	1
2145	2145	1
975	342	1
2146	342	1
2146	342	1
2146	1728	1
1728	2146	1
450	205	1
2147	241	1
2147	241	1
2148	241	1
102	1	1
102	102	1
2149	102	1
220	202	1
493	831	1
493	515	1
493	518	1
493	518	1
2150	493	1
973	493	1
534	515	1
536	515	1
537	515	1
1026	493	1
2151	486	1
2152	7	1
2153	7	1
103	1	1
2154	103	1
2155	103	1
2156	103	1
2157	103	1
1723	1722	1
2158	103	1
2159	103	1
2160	103	1
2161	103	1
276	646	1
276	1856	1
2024	646	1
104	1	1
104	2162	1
2162	104	1
770	221	1
771	221	1
2163	221	1
772	221	1
773	221	1
774	221	1
775	221	1
776	221	1
778	221	1
222	1933	1
222	2003	1
222	202	1
222	497	1
222	669	1
2164	222	1
1933	222	1
2165	222	1
2166	222	1
2167	2166	1
2168	222	1
2169	222	1
2170	649	1
2171	649	1
430	798	1
430	2172	1
1926	430	1
2173	430	1
2172	430	1
2174	430	1
650	2175	1
650	2176	1
650	856	1
650	1713	1
2177	650	1
2175	650	1
2178	650	1
2176	650	1
2179	650	1
2180	650	1
2181	764	1
2182	764	1
277	243	1
277	243	1
2183	357	1
2184	357	1
2185	688	1
2186	688	1
2187	688	1
2188	688	1
2189	688	1
2190	688	1
2191	688	1
2191	2192	1
2191	2192	1
2192	2191	1
2192	2191	1
2192	2191	1
2193	688	1
278	2194	1
2195	278	1
2194	278	1
2196	278	1
594	1413	1
494	2197	1
494	1928	1
494	486	1
494	486	1
2197	494	1
312	382	1
312	2198	1
312	286	1
312	2199	1
382	312	1
382	312	1
382	377	1
382	316	1
2200	312	1
2198	312	1
2201	312	1
2199	312	1
2199	2202	1
2203	312	1
313	286	1
313	286	1
313	286	1
313	2204	1
313	2204	1
313	2204	1
2204	313	1
2204	313	1
2204	313	1
870	314	1
870	314	1
870	314	1
2205	314	1
595	1579	1
2206	595	1
2207	595	1
2208	750	1
2209	595	1
2210	595	1
2211	595	1
2212	595	1
2213	595	1
484	1832	1
484	482	1
484	559	1
484	566	1
223	223	1
223	2214	1
223	202	1
223	202	1
223	425	1
223	425	1
223	497	1
223	497	1
223	497	1
223	1903	1
2215	223	1
2214	223	1
2214	223	1
1794	223	1
2216	1794	1
2217	1400	1
2218	223	1
2219	223	1
2220	1903	1
2221	596	1
2222	596	1
178	596	1
2223	596	1
2224	596	1
2225	301	1
2226	70	1
2227	70	1
2228	70	1
2228	70	1
315	286	1
348	2229	1
348	497	1
348	497	1
348	2230	1
2229	348	1
2231	348	1
2230	348	1
2230	348	1
105	105	1
2232	105	1
440	106	1
440	107	1
440	107	1
107	440	1
107	1	1
280	796	1
280	796	1
280	243	1
280	243	1
280	243	1
280	265	1
279	280	1
2233	280	1
2234	858	1
2235	87	1
1949	87	1
2236	87	1
933	2237	1
933	930	1
933	930	1
2238	933	1
2237	933	1
2239	930	1
2240	70	1
2241	70	1
281	455	1
2242	455	1
2243	455	1
179	234	1
179	2244	1
179	2244	1
179	2245	1
179	871	1
2246	179	1
2244	179	1
2245	179	1
108	108	1
108	497	1
108	497	1
108	497	1
108	497	1
108	497	1
108	497	1
108	497	1
108	1	1
2247	108	1
2248	282	1
2249	282	1
2250	497	1
2251	1701	1
2251	282	1
2251	282	1
2251	282	1
1950	87	1
2252	1950	1
1953	87	1
1954	87	1
1955	87	1
2253	70	1
2254	70	1
2255	70	1
2256	70	1
2256	2257	1
2256	2258	1
2257	2256	1
2258	2256	1
2259	70	1
2259	2260	1
2260	2259	1
2261	2260	1
2261	2261	1
2262	70	1
110	1	1
180	110	1
1881	1880	1
1027	110	1
181	110	1
1741	2263	1
2263	1741	1
2264	1741	1
2265	1741	1
2266	1741	1
2266	2267	1
2267	2266	1
2268	1028	1
2269	2270	1
2269	2269	1
2269	830	1
2270	2269	1
2271	2269	1
2272	2269	1
2273	2269	1
830	2269	1
830	2269	1
830	2274	1
830	2275	1
830	2276	1
830	2277	1
830	2278	1
830	2279	1
830	828	1
2274	830	1
2275	830	1
2280	2275	1
2281	2280	1
2282	2281	1
2283	2282	1
2276	830	1
2277	830	1
2278	830	1
2279	830	1
