#	2488
0	1	 1
0	2	 1
0	3	 1
0	3	 1
0	4	 1
0	4	 1
0	4	 1
0	5	 -1
0	5	 -1
0	6	 1
7	1	 1
8	1	 1
8	9	 1
10	8	 1
10	11	 1
9	8	 1
9	8	 1
9	12	 -1
11	8	 1
13	11	 1
14	13	 -1
15	14	 -1
16	15	 -1
17	16	 -1
18	17	 -1
19	18	 -1
19	20	 -1
21	16	 -1
22	21	 -1
23	22	 -1
23	24	 -1
23	24	 -1
25	8	 1
25	1	 1
26	1	 1
27	1	 1
27	28	 -1
27	28	 1
27	12	 -1
28	27	 1
28	27	 -1
29	28	 1
12	27	 -1
30	9	 1
24	1	 -1
24	23	 -1
24	23	 1
24	31	 1
32	32	 -1
33	32	 1
33	34	 1
35	32	 1
35	36	 1
36	35	 1
36	37	 1
36	38	 -1
36	38	 -1
36	39	 -1
36	40	 -1
36	41	 -1
42	35	 1
42	32	 1
42	43	 1
42	44	 1
42	45	 -1
42	46	 1
42	47	 1
42	48	 1
42	49	 1
42	50	 -1
51	32	 -1
52	51	 -1
52	53	 -1
54	32	 1
55	32	 1
55	56	 -1
57	55	 1
57	58	 -1
57	59	 1
60	32	 1
60	32	 1
60	61	 -1
60	61	 -1
60	42	 1
62	60	 1
62	63	 1
64	60	 1
61	60	 -1
61	60	 -1
61	65	 1
66	61	 -1
67	60	 -1
67	2	 1
68	67	 -1
53	67	 1
69	60	 1
70	69	 1
58	32	 -1
58	40	 1
71	32	 1
71	72	 -1
71	73	 -1
71	74	 -1
71	75	 1
71	76	 -1
71	76	 -1
71	77	 1
38	71	 1
38	36	 1
38	36	 -1
78	32	 1
79	32	 1
79	80	 1
81	32	 1
81	82	 1
83	81	 -1
84	85	 1
84	84	 1
84	86	 1
84	87	 1
84	87	 -1
84	88	 -1
85	84	 1
89	84	 1
90	84	 1
90	91	 1
90	92	 -1
90	93	 1
94	84	 1
94	95	 1
94	96	 1
94	97	 1
94	1	 1
94	98	 1
94	99	 -1
94	100	 1
94	101	 -1
94	102	 -1
94	102	 -1
103	94	 1
103	104	 -1
103	65	 1
103	105	 -1
106	103	 1
104	103	 -1
107	84	 1
107	108	 1
107	109	 1
107	98	 1
107	110	 -1
107	111	 1
108	107	 1
112	107	 1
112	107	 1
112	113	 1
113	112	 1
86	84	 1
114	84	 1
87	84	 1
87	84	 1
115	87	 1
116	115	 1
116	117	 1
116	118	 1
119	84	 -1
117	119	 -1
120	119	 -1
121	119	 -1
121	122	 1
123	119	 -1
123	123	 -1
123	124	 -1
123	125	 1
123	126	 1
123	126	 1
123	127	 1
123	127	 1
123	127	 1
123	127	 1
128	84	 1
88	84	 1
129	88	 1
130	84	 1
130	31	 1
130	131	 1
130	132	 1
130	133	 1
134	84	 1
135	134	 1
136	84	 1
137	95	 1
137	138	 1
137	139	 -1
137	140	 -1
137	141	 1
137	142	 -1
137	143	 1
137	144	 -1
137	98	 1
145	95	 1
146	95	 1
147	146	 1
138	147	 1
148	138	 1
148	149	 1
148	150	 1
151	138	 1
152	151	 1
152	92	 1
152	153	 1
139	147	 1
140	137	 -1
154	140	 -1
154	155	 -1
156	154	 -1
157	140	 1
141	137	 -1
141	158	 -1
141	59	 1
141	159	 1
92	95	 1
92	160	 1
92	90	 -1
92	161	 -1
92	162	 -1
92	163	 1
92	164	 1
92	165	 -1
92	166	 1
92	167	 -1
92	167	 -1
92	168	 1
92	168	 1
92	169	 1
92	92	 1
92	170	 -1
92	170	 -1
92	171	 -1
92	172	 1
92	173	 1
92	174	 1
92	175	 1
92	176	 1
92	177	 1
92	177	 -1
92	178	 -1
92	179	 1
92	76	 -1
180	95	 1
181	95	 -1
181	182	 1
183	184	 -1
183	183	 -1
183	183	 -1
185	183	 1
185	186	 1
185	187	 1
188	183	 1
189	188	 1
190	189	 1
191	190	 -1
192	191	 1
193	192	 -1
194	190	 1
195	183	 1
196	183	 1
197	183	 -1
197	198	 -1
197	198	 -1
197	198	 -1
197	198	 1
197	198	 1
197	198	 1
197	198	 1
198	197	 -1
198	197	 -1
198	197	 -1
198	197	 -1
198	197	 1
198	197	 1
199	197	 1
200	199	 1
200	201	 -1
200	122	 1
200	202	 -1
200	203	 -1
200	204	 1
205	197	 -1
205	206	 1
207	197	 -1
207	208	 1
209	183	 1
209	2	 1
209	210	 1
211	31	 1
212	211	 -1
212	213	 -1
212	214	 -1
215	212	 -1
216	215	 1
216	217	 1
216	218	 1
216	219	 1
220	212	 -1
220	221	 1
220	133	 1
220	222	 1
223	212	 -1
224	211	 1
224	214	 1
225	31	 1
213	31	 1
226	212	 -1
227	31	 1
227	228	 -1
227	229	 -1
131	130	 1
131	31	 1
131	230	 -1
131	231	 1
131	232	 1
131	100	 1
233	31	 1
234	31	 1
235	31	 1
235	236	 1
237	31	 1
238	31	 1
214	31	 1
214	239	 1
214	240	 -1
214	122	 1
241	31	 1
242	31	 1
132	31	 1
132	243	 1
132	244	 1
243	132	 1
243	132	 -1
243	230	 1
243	245	 1
243	56	 1
243	56	 -1
243	47	 -1
243	47	 1
228	243	 1
229	227	 -1
246	227	 -1
247	246	 1
248	247	 1
249	227	 -1
230	243	 1
250	243	 1
245	243	 1
251	243	 1
252	31	 1
253	254	 1
255	254	 1
256	255	 -1
257	254	 1
258	257	 1
259	254	 1
259	98	 1
259	260	 1
259	48	 1
259	261	 1
262	259	 1
143	262	 1
143	1	 1
143	263	 1
143	98	 1
143	264	 1
265	262	 1
265	259	 1
265	266	 1
267	254	 1
268	267	 1
268	176	 1
269	254	 1
269	174	 1
269	270	 1
271	254	 1
272	273	 1
274	272	 1
275	273	 1
276	273	 1
276	82	 1
222	273	 1
222	277	 -1
222	278	 1
222	279	 -1
222	220	 1
222	220	 1
222	280	 1
222	281	 -1
282	222	 1
283	282	 1
283	284	 -1
283	285	 -1
286	273	 1
287	273	 1
288	273	 1
289	288	 1
290	273	 1
291	290	 1
292	290	 1
293	273	 1
293	294	 1
158	59	 -1
295	158	 -1
295	296	 -1
297	158	 -1
298	158	 -1
298	59	 1
298	141	 1
298	299	 1
298	299	 1
298	300	 1
298	269	 1
301	59	 1
302	59	 1
303	302	 1
304	298	 1
305	298	 1
306	305	 1
307	298	 -1
307	308	 1
307	309	 1
307	309	 1
307	310	 -1
311	48	 1
311	312	 1
312	311	 1
313	48	 1
313	314	 -1
313	315	 -1
316	48	 1
316	317	 1
316	318	 1
316	319	 1
316	260	 1
316	4	 1
317	316	 1
317	316	 1
317	318	 1
320	316	 1
321	48	 1
321	322	 1
322	321	 1
318	48	 1
323	318	 1
324	323	 1
324	325	 1
325	324	 1
326	325	 1
319	327	 1
319	231	 1
328	319	 1
91	319	 1
329	319	 1
330	329	 1
330	331	 1
330	214	 -1
330	240	 1
330	332	 1
330	333	 -1
330	186	 1
330	334	 1
160	319	 1
335	90	 -1
335	240	 1
335	336	 1
335	337	 1
164	338	 1
162	164	 -1
161	162	 1
339	162	 -1
163	92	 1
340	164	 1
165	92	 -1
341	164	 1
341	342	 1
341	343	 1
344	164	 1
345	164	 1
346	347	 1
348	347	 -1
349	347	 1
349	37	 -1
350	349	 1
351	347	 1
352	351	 -1
353	352	 -1
354	347	 1
166	166	 1
166	355	 1
356	166	 1
356	357	 1
357	356	 1
358	359	 1
358	360	 -1
358	361	 1
358	361	 1
362	358	 1
362	363	 -1
363	362	 -1
359	363	 -1
360	358	 1
361	358	 1
361	358	 1
361	364	 1
361	364	 1
365	358	 1
366	365	 1
367	365	 1
368	43	 1
41	43	 1
41	369	 1
41	370	 1
41	36	 -1
41	371	 1
41	372	 1
369	41	 1
373	41	 1
374	43	 1
374	375	 1
281	374	 1
281	376	 1
281	377	 1
281	377	 1
281	49	 1
281	49	 1
281	378	 1
281	222	 -1
281	270	 1
379	43	 -1
380	43	 1
381	380	 1
382	43	 -1
382	45	 1
383	43	 1
384	383	 1
385	383	 1
386	385	 1
387	43	 1
387	336	 -1
388	43	 1
389	43	 1
390	389	 1
391	389	 1
392	43	 1
377	43	 1
377	355	 1
377	185	 1
377	281	 1
377	281	 1
377	393	 1
394	43	 1
395	43	 -1
396	395	 -1
397	43	 1
398	399	 1
400	399	 1
401	400	 1
401	402	 1
401	403	 1
109	400	 1
404	107	 1
405	400	 1
406	400	 1
406	48	 1
402	399	 1
407	399	 1
407	183	 -1
408	399	 1
408	2	 1
408	409	 1
408	342	 1
408	410	 1
408	98	 1
408	48	 1
411	399	 1
412	399	 1
413	412	 1
414	399	 1
415	399	 -1
416	415	 -1
416	417	 1
416	418	 1
416	419	 -1
416	420	 1
416	421	 1
422	399	 1
153	422	 -1
153	423	 -1
153	137	 1
153	424	 1
425	399	 1
426	399	 1
426	427	 1
426	183	 1
428	426	 1
429	399	 1
429	430	 1
423	399	 1
423	431	 1
432	423	 1
433	399	 -1
433	98	 1
433	434	 -1
433	122	 1
433	435	 1
433	436	 1
433	436	 1
433	186	 1
433	437	 -1
433	438	 1
433	48	 1
433	439	 1
433	153	 1
433	424	 1
433	73	 1
433	440	 1
433	440	 1
433	433	 1
433	441	 -1
442	399	 1
442	73	 1
2	2	 -1
3	0	 1
3	0	 1
3	443	 -1
3	444	 1
3	445	 1
3	446	 1
3	447	 1
3	448	 1
3	449	 1
3	450	 -1
3	451	 1
3	452	 1
3	452	 -1
3	453	 -1
3	454	 1
3	455	 1
3	456	 1
3	456	 1
3	457	 1
3	458	 1
3	177	 1
3	459	 1
3	460	 1
461	2	 1
462	408	 1
462	463	 -1
463	462	 1
463	464	 1
463	464	 1
463	464	 1
463	465	 1
466	408	 -1
466	467	 1
468	466	 -1
469	408	 1
470	469	 1
471	2	 1
471	209	 1
472	2	 1
473	472	 1
474	209	 1
475	2	 1
476	2	 -1
477	48	 1
478	48	 1
479	478	 -1
479	480	 -1
480	479	 -1
481	480	 -1
482	479	 -1
483	48	 1
484	483	 1
484	485	 1
484	486	 -1
484	487	 -1
488	484	 1
489	483	 1
490	48	 -1
485	490	 -1
485	484	 -1
491	484	 1
491	492	 1
493	48	 1
494	48	 1
495	48	 1
496	48	 1
496	497	 1
496	498	 -1
499	48	 1
499	65	 1
499	500	 -1
499	500	 -1
499	500	 -1
501	499	 1
502	48	 1
502	503	 1
502	504	 1
503	502	 1
505	502	 1
506	505	 1
507	506	 1
508	505	 1
509	502	 1
510	509	 1
511	510	 1
512	509	 1
512	513	 1
514	48	 1
514	278	 1
514	45	 -1
515	48	 1
516	515	 1
516	517	 1
516	34	 -1
516	518	 -1
516	518	 1
516	518	 1
516	518	 -1
516	518	 -1
516	518	 -1
516	518	 -1
516	518	 1
516	518	 1
516	518	 1
516	519	 -1
517	516	 1
520	517	 1
521	517	 1
521	522	 1
522	521	 1
523	521	 1
524	48	 1
525	524	 1
526	48	 1
527	526	 1
528	527	 1
504	48	 1
529	504	 1
530	504	 1
531	504	 1
532	531	 1
532	170	 -1
532	170	 -1
533	48	 1
534	533	 1
534	457	 -1
535	48	 1
513	535	 1
536	513	 1
537	536	 1
327	538	 -1
327	539	 -1
327	540	 1
327	540	 1
327	540	 -1
327	541	 1
327	542	 1
327	543	 1
327	319	 1
327	544	 1
538	327	 1
539	327	 -1
540	327	 -1
541	327	 1
542	327	 1
545	327	 -1
546	327	 -1
547	546	 1
547	548	 1
547	549	 1
550	539	 1
550	551	 1
550	552	 1
550	553	 -1
544	327	 -1
544	327	 1
544	327	 1
544	554	 1
544	555	 -1
544	438	 1
544	556	 1
544	557	 1
544	557	 1
544	187	 1
544	187	 1
544	187	 1
544	187	 1
544	187	 1
544	187	 1
544	187	 1
544	187	 1
544	187	 1
544	187	 1
548	327	 1
558	327	 1
543	327	 1
554	327	 1
554	549	 1
554	99	 1
549	554	 1
551	327	 1
559	327	 1
560	559	 1
560	561	 1
560	562	 1
560	563	 1
560	564	 1
560	565	 -1
560	566	 -1
560	419	 -1
560	333	 -1
560	567	 -1
560	568	 1
560	569	 -1
560	570	 1
560	571	 1
572	327	 1
231	319	 1
573	319	 1
574	574	 1
575	574	 1
576	574	 1
577	574	 1
578	577	 -1
579	577	 1
580	577	 1
580	581	 1
580	519	 -1
582	574	 1
583	574	 1
584	583	 1
585	583	 1
586	583	 1
587	574	 1
588	574	 1
589	588	 1
589	518	 1
590	589	 1
591	590	 1
592	589	 1
592	588	 1
593	574	 1
593	594	 -1
593	595	 1
593	315	 -1
593	441	 1
596	574	 1
597	596	 1
598	597	 1
599	574	 1
599	600	 -1
600	599	 -1
601	599	 1
602	601	 1
603	574	 1
604	574	 1
605	574	 1
605	606	 1
605	607	 -1
605	607	 1
608	48	 1
609	608	 1
610	48	 1
610	611	 1
611	610	 1
612	611	 1
612	613	 1
614	612	 1
613	612	 1
615	48	 1
616	615	 1
617	48	 1
277	277	 1
277	222	 -1
618	277	 1
619	277	 1
620	619	 1
621	277	 1
622	277	 1
623	277	 1
624	623	 1
624	92	 1
624	277	 1
624	222	 -1
625	277	 1
626	277	 1
626	167	 -1
626	167	 1
626	167	 1
626	167	 1
626	627	 1
628	626	 1
629	626	 1
630	626	 1
630	631	 1
631	630	 1
631	605	 -1
631	605	 1
167	626	 -1
167	626	 1
167	626	 1
167	632	 1
167	92	 1
167	92	 -1
167	633	 1
167	633	 1
167	634	 -1
167	634	 -1
167	635	 -1
167	636	 1
637	626	 -1
632	626	 1
632	638	 1
633	167	 1
633	167	 1
634	167	 1
634	167	 -1
634	167	 -1
634	639	 1
634	640	 1
634	641	 -1
634	442	 1
635	167	 -1
642	167	 -1
639	634	 1
643	634	 1
644	643	 1
644	645	 1
645	644	 1
646	167	 -1
646	277	 1
636	167	 -1
647	222	 1
435	277	 1
435	433	 1
435	433	 1
648	435	 1
649	648	 1
650	277	 1
651	277	 1
652	95	 1
653	95	 1
654	95	 1
655	654	 1
656	430	 -1
656	98	 1
657	430	 1
658	657	 1
658	659	 1
658	660	 -1
658	661	 1
658	662	 -1
658	663	 -1
142	430	 -1
417	430	 1
308	430	 1
308	168	 -1
308	168	 1
308	168	 1
308	168	 1
308	168	 1
308	168	 -1
308	664	 1
308	418	 1
665	308	 -1
665	571	 1
665	666	 1
667	308	 1
125	667	 1
125	668	 1
125	669	 -1
125	465	 1
125	670	 1
125	671	 -1
125	672	 1
125	673	 1
125	674	 1
675	308	 -1
676	675	 -1
168	308	 1
168	308	 -1
168	308	 1
168	308	 1
168	308	 1
168	308	 -1
168	308	 1
168	92	 1
168	677	 1
678	168	 1
438	92	 1
438	308	 -1
438	679	 1
438	544	 -1
438	433	 1
680	168	 -1
681	168	 1
681	169	 1
682	681	 1
683	308	 1
683	98	 1
677	308	 1
664	307	 1
684	308	 1
684	685	 -1
685	684	 1
418	685	 1
686	308	 1
687	430	 1
688	430	 1
169	688	 1
689	169	 1
690	681	 1
691	681	 1
691	692	 -1
691	692	 -1
182	430	 1
182	181	 1
693	181	 1
692	430	 -1
659	692	 -1
660	692	 -1
661	658	 -1
208	692	 -1
694	692	 -1
695	692	 -1
695	692	 -1
696	692	 -1
696	697	 1
696	697	 1
696	697	 1
696	697	 -1
696	697	 1
696	697	 -1
696	697	 1
697	696	 1
697	696	 1
697	696	 -1
697	696	 1
697	696	 1
697	696	 1
697	698	 1
697	699	 1
697	700	 1
698	697	 -1
699	697	 1
700	697	 1
701	697	 1
702	692	 -1
703	278	 1
279	222	 -1
704	222	 1
409	278	 1
705	408	 1
706	409	 1
707	278	 1
708	278	 1
65	65	 1
65	221	 1
65	709	 -1
710	65	 1
711	710	 1
711	712	 1
713	710	 1
714	710	 1
715	714	 1
716	714	 -1
716	717	 1
716	718	 1
716	719	 1
716	720	 1
716	721	 1
716	103	 1
716	103	 1
717	716	 -1
718	716	 -1
719	716	 1
720	716	 1
721	716	 1
722	710	 1
723	61	 1
724	65	 1
724	725	 -1
724	105	 -1
221	65	 1
726	220	 1
727	220	 -1
725	727	 1
728	725	 -1
729	728	 -1
730	729	 -1
133	220	 1
133	92	 1
133	100	 1
133	130	 1
731	65	 1
732	65	 1
733	65	 1
709	65	 -1
734	709	 -1
105	103	 -1
735	105	 -1
736	716	 1
737	736	 1
738	737	 1
738	739	 1
739	738	 1
739	738	 1
740	65	 1
741	65	 1
742	741	 1
743	92	 1
364	92	 1
364	744	 1
364	361	 1
364	745	 1
364	746	 -1
364	164	 1
747	239	 1
561	747	 1
748	747	 -1
640	748	 -1
640	749	 -1
750	634	 1
751	748	 -1
751	747	 1
751	751	 1
752	747	 1
753	752	 -1
754	753	 -1
755	753	 -1
755	756	 1
755	756	 1
757	755	 1
757	41	 1
758	752	 1
758	747	 1
758	759	 1
760	747	 1
760	486	 1
761	760	 -1
762	761	 -1
756	761	 -1
756	755	 1
763	760	 1
370	763	 1
764	751	 1
764	765	 1
766	751	 1
759	758	 1
759	758	 1
759	767	 1
759	492	 1
759	768	 1
759	150	 1
769	747	 1
770	769	 1
771	770	 -1
772	771	 -1
773	769	 1
773	774	 1
773	774	 1
773	774	 1
773	774	 1
774	773	 1
774	773	 1
774	773	 1
774	773	 1
669	774	 -1
668	669	 -1
775	747	 1
776	775	 1
240	240	 1
239	240	 1
239	777	 -1
239	747	 1
777	239	 -1
778	239	 1
779	239	 1
779	581	 1
779	780	 1
779	150	 1
779	100	 1
781	239	 1
782	240	 1
331	240	 1
783	330	 1
784	240	 1
785	240	 1
786	240	 1
786	332	 1
332	786	 1
787	1	 1
788	1	 1
789	1	 1
789	790	 1
791	789	 1
792	95	 1
793	792	 1
794	792	 1
794	795	 1
794	796	 1
794	378	 1
795	95	 1
797	795	 1
798	799	 1
427	799	 1
427	426	 1
800	799	 1
801	799	 1
801	49	 1
801	49	 1
170	799	 -1
170	532	 -1
170	92	 -1
170	802	 -1
170	803	 -1
170	804	 -1
170	805	 1
170	806	 1
170	170	 -1
170	807	 1
170	807	 1
170	807	 1
170	807	 1
170	48	 1
808	532	 1
809	170	 -1
810	799	 1
811	799	 1
812	799	 1
813	812	 1
813	814	 1
814	813	 1
497	813	 1
815	799	 1
816	799	 1
817	799	 1
98	767	 1
818	98	 1
819	98	 1
820	98	 -1
820	821	 1
820	300	 -1
187	820	 -1
187	822	 1
187	98	 1
187	355	 1
187	436	 1
187	281	 1
187	185	 1
187	186	 1
187	544	 -1
187	544	 1
187	544	 1
187	544	 1
187	544	 1
187	544	 1
187	544	 1
187	544	 1
187	544	 1
187	437	 -1
187	437	 -1
187	437	 -1
187	823	 1
187	96	 1
824	98	 1
825	98	 1
826	98	 1
822	826	 1
827	822	 1
110	826	 -1
110	107	 1
828	98	 1
829	98	 1
829	92	 1
830	829	 1
831	829	 1
832	829	 1
833	433	 1
833	834	 -1
833	835	 1
836	833	 1
796	98	 1
796	794	 1
796	123	 1
837	796	 1
378	794	 1
378	410	 1
378	838	 1
378	839	 1
378	281	 -1
378	280	 1
378	98	 1
712	98	 1
840	711	 1
840	841	 1
842	98	 1
843	98	 1
843	844	 1
843	845	 1
843	846	 1
434	843	 -1
847	843	 1
844	843	 1
844	280	 1
848	125	 1
849	125	 1
850	849	 1
850	125	 1
850	851	 1
851	850	 1
342	342	 1
852	342	 1
852	122	 1
853	342	 1
854	342	 1
403	342	 -1
855	403	 -1
855	856	 -1
857	408	 1
858	857	 1
859	857	 1
860	408	 1
860	861	 1
861	860	 1
419	342	 -1
862	419	 -1
862	863	 1
862	864	 1
862	566	 -1
862	865	 1
863	862	 1
863	566	 -1
866	862	 1
864	862	 1
566	862	 -1
201	862	 -1
867	201	 -1
868	867	 1
562	863	 1
865	863	 1
865	563	 1
865	564	 1
865	869	 1
865	870	 1
563	865	 1
564	865	 1
565	566	 1
869	566	 -1
869	183	 1
871	862	 1
872	342	 1
873	872	 1
149	873	 1
874	149	 1
875	342	 1
455	875	 1
455	876	 1
877	455	 1
878	875	 1
879	878	 1
880	875	 -1
881	875	 1
882	342	 1
883	882	 1
883	884	 1
885	883	 1
886	885	 1
856	883	 -1
887	882	 1
887	888	 1
887	889	 -1
888	887	 1
890	342	 1
891	342	 1
343	342	 1
343	892	 1
892	343	 1
893	342	 -1
894	342	 -1
895	896	 1
443	895	 -1
443	897	 1
443	3	 1
897	443	 -1
898	897	 1
899	895	 1
444	896	 1
445	3	 1
446	3	 1
447	3	 1
448	3	 1
449	3	 1
900	3	 1
901	444	 1
901	902	 1
902	901	 1
903	901	 1
904	896	 1
905	896	 1
906	98	 -1
907	906	 -1
908	907	 1
909	908	 1
910	906	 -1
767	98	 1
266	98	 1
266	911	 1
266	150	 1
912	266	 1
912	913	 1
914	912	 1
914	913	 1
914	913	 1
913	914	 1
913	914	 1
913	914	 1
913	912	 1
911	266	 1
915	759	 1
916	98	 1
917	916	 1
918	917	 1
919	917	 -1
919	920	 -1
919	98	 1
920	919	 -1
921	919	 -1
922	98	 1
922	923	 -1
924	98	 1
924	464	 1
464	924	 1
464	924	 -1
464	463	 1
464	463	 1
925	926	 -1
927	925	 1
928	925	 1
929	928	 1
930	929	 1
299	928	 1
299	931	 1
299	298	 1
299	925	 1
299	932	 -1
299	933	 1
299	933	 1
299	933	 1
299	934	 -1
931	925	 1
935	299	 1
935	299	 1
935	299	 1
935	299	 1
935	298	 1
935	934	 1
935	936	 1
934	935	 1
934	299	 1
934	299	 1
934	933	 1
934	937	 1
934	925	 -1
934	938	 1
939	925	 1
940	939	 1
940	941	 1
940	938	 1
940	925	 1
941	940	 1
942	925	 1
932	299	 1
932	123	 -1
943	299	 -1
933	299	 -1
933	299	 1
933	299	 1
933	299	 1
944	299	 -1
936	935	 1
945	299	 1
946	945	 1
947	946	 1
948	299	 1
949	299	 1
937	925	 1
937	950	 -1
937	393	 1
937	393	 1
950	937	 -1
938	934	 -1
938	82	 1
232	581	 1
951	581	 1
171	581	 -1
952	171	 -1
953	581	 1
954	581	 1
954	955	 -1
955	954	 -1
956	955	 1
957	954	 1
780	779	 1
958	172	 1
959	958	 1
960	172	 -1
961	172	 1
962	172	 1
963	92	 1
964	125	 1
965	964	 -1
966	125	 1
967	125	 -1
744	125	 1
968	364	 1
969	125	 1
970	971	 -1
972	970	 -1
973	971	 1
974	971	 1
975	971	 -1
976	975	 -1
976	977	 1
977	971	 1
977	486	 1
978	971	 1
978	979	 1
979	978	 1
980	978	 1
981	980	 1
982	123	 1
983	123	 1
984	123	 1
985	123	 1
986	123	 -1
987	986	 1
124	987	 1
988	123	 -1
988	465	 1
988	989	 1
465	988	 1
126	123	 -1
126	123	 1
126	123	 1
126	990	 1
991	126	 1
992	991	 1
993	987	 1
994	993	 1
995	994	 1
990	986	 1
996	98	 1
997	98	 1
998	98	 1
998	999	 -1
999	998	 -1
802	999	 -1
803	170	 -1
804	170	 -1
804	1000	 1
804	1001	 1
805	170	 -1
806	170	 -1
806	170	 -1
1002	802	 1
1002	1000	 1
1002	1003	 -1
1000	1002	 1
1001	804	 1
1004	1002	 1
1003	1002	 1
1003	1002	 -1
1005	802	 1
807	999	 -1
807	170	 1
807	170	 1
807	170	 1
807	170	 1
1006	98	 1
450	98	 1
451	3	 -1
452	3	 1
452	3	 1
452	3	 -1
452	1007	 1
1007	452	 1
1008	3	 -1
453	3	 -1
1009	98	 1
1010	1009	 1
1010	159	 1
1011	98	 1
1012	98	 1
1013	1012	 -1
1014	98	 1
1015	98	 1
1016	98	 1
1016	3	 1
1016	841	 1
1017	259	 1
500	259	 -1
500	499	 -1
500	499	 -1
1018	499	 1
1019	500	 1
184	1020	 1
184	1021	 1
1022	184	 -1
1023	183	 -1
372	183	 -1
372	41	 1
372	41	 1
372	1024	 1
1025	184	 1
1025	841	 1
260	184	 1
1026	260	 -1
1020	1026	 -1
1027	260	 1
1028	1027	 1
1028	1029	 1
1030	265	 1
1031	265	 1
1031	626	 1
1032	184	 1
1033	184	 1
1034	1033	 1
371	184	 1
371	1035	 1
371	4	 1
371	90	 1
371	281	 1
1035	371	 1
4	1035	 1
4	371	 1
4	371	 1
4	371	 -1
4	0	 1
4	0	 1
4	0	 1
1021	184	 1
627	184	 1
1036	627	 1
1037	627	 1
1038	627	 -1
1029	184	 1
1039	1029	 1
1040	80	 1
1041	80	 1
1042	1041	 1
1043	1042	 1
1044	1041	 1
1045	1044	 1
1045	1046	 -1
1047	1044	 1
1048	1041	 -1
1049	1041	 1
1050	80	 1
1051	80	 1
1052	80	 1
1053	80	 1
1054	1053	 1
1054	1055	 1
1054	49	 1
1054	1056	 1
1054	456	 1
1057	80	 1
1058	79	 1
294	1059	 1
294	1060	 1
294	1061	 1
294	1062	 1
294	1062	 1
294	1063	 1
294	1064	 1
294	923	 1
294	1065	 1
294	1066	 1
294	1067	 1
294	1067	 1
294	1068	 -1
294	1069	 1
1070	294	 1
1059	294	 1
1059	294	 1
1071	294	 1
1060	294	 1
1060	294	 1
1072	294	 1
1072	1073	 1
1074	1072	 1
1075	1074	 1
1073	1072	 1
1061	294	 1
1062	294	 1
1062	294	 1
1076	294	 1
1077	294	 1
1063	294	 1
1078	294	 1
1079	1078	 1
1080	1079	 1
1081	294	 1
1082	294	 1
1083	294	 1
1084	294	 1
1085	294	 1
1086	294	 1
1087	294	 1
1088	294	 1
1064	294	 1
1089	294	 1
1090	1089	 1
1091	1090	 1
1092	1090	 1
1093	1090	 1
1094	1093	 1
1095	1094	 1
1096	294	 1
1096	294	 1
1096	294	 -1
1096	1097	 1
1097	1096	 1
1097	1096	 1
1097	1098	 1
1097	1099	 1
1097	294	 1
1097	1100	 1
1097	1100	 1
923	294	 -1
923	294	 -1
1065	294	 1
1101	294	 1
1099	294	 1
1102	1099	 1
1103	1102	 1
1104	1103	 1
1105	1104	 1
1105	1106	 1
1105	1107	 1
1106	1105	 1
1107	1105	 1
1108	1105	 1
1109	1108	 1
1110	1104	 1
1111	1110	 1
1112	1111	 1
1113	1112	 1
1114	1111	 1
1115	1111	 1
1098	1104	 1
1098	1102	 1
1116	1098	 1
1117	1099	 1
1100	1097	 1
1100	1097	 1
1100	1118	 1
1100	1118	 1
1118	1100	 1
1118	1100	 1
1119	294	 1
1120	294	 1
1121	294	 1
1066	294	 1
1066	294	 1
1122	294	 1
1123	294	 -1
1124	1123	 -1
1125	1123	 -1
1126	294	 1
1127	294	 1
1128	294	 1
1129	294	 1
1067	294	 1
1067	294	 1
1130	294	 1
1068	294	 1
1069	294	 -1
1131	294	 -1
1132	1068	 1
1133	294	 1
1134	294	 1
1135	294	 1
1136	294	 1
1137	294	 1
1138	294	 1
1139	294	 1
1140	294	 1
1141	294	 1
835	122	 1
835	833	 1
1142	122	 1
1143	122	 1
376	122	 -1
376	433	 1
376	436	 1
376	1144	 1
376	1144	 1
333	122	 -1
1145	333	 -1
1146	1145	 1
1147	122	 1
1148	1147	 1
567	122	 -1
1149	122	 1
1150	1149	 1
1151	122	 1
670	122	 1
671	122	 -1
568	122	 1
460	122	 -1
460	1152	 -1
460	281	 1
460	50	 1
460	441	 1
1153	122	 1
1154	122	 1
355	122	 1
355	355	 1
1155	355	 1
1156	1155	 1
1157	1156	 1
1158	1157	 1
1159	355	 1
1160	355	 1
1161	1160	 1
1144	1160	 1
1144	122	 1
1144	376	 1
1162	214	 1
1163	214	 1
1163	186	 1
1164	122	 1
1165	376	 1
1165	50	 -1
1166	433	 1
436	433	 1
436	433	 1
1167	376	 1
1167	1167	 1
1167	1168	 1
1167	159	 -1
1167	6	 1
1169	433	 1
186	122	 1
186	330	 1
186	433	 1
393	377	 1
393	175	 1
393	1170	 1
393	1171	 1
393	1172	 1
393	1173	 1
393	1173	 1
393	1174	 1
393	1175	 1
393	1176	 -1
393	1177	 1
393	1178	 1
393	1179	 1
393	1179	 1
393	937	 1
393	1180	 1
393	1181	 1
1182	186	 1
1182	1183	 1
1183	1182	 1
1184	1183	 1
1185	186	 1
1186	186	 1
1187	122	 1
1187	73	 1
1187	1177	 1
1187	1188	 -1
569	1144	 -1
1189	569	 -1
834	122	 -1
834	833	 1
1190	122	 1
1191	122	 1
1191	486	 1
1192	122	 1
336	1193	 -1
336	1194	 -1
336	336	 1
336	336	 1
1195	335	 1
1196	336	 -1
1193	336	 -1
1197	336	 1
1194	336	 1
1198	336	 -1
1199	1200	 1
1199	96	 1
1201	1167	 1
1202	1167	 1
173	1202	 1
1203	173	 1
309	1203	 1
309	1167	 1
309	307	 1
309	1204	 1
309	821	 1
309	269	 1
309	159	 1
309	1205	 1
309	314	 -1
309	1206	 1
309	1207	 -1
309	765	 1
309	1178	 1
309	1208	 -1
1209	173	 1
1210	173	 1
1168	1202	 1
1211	1202	 1
1211	1212	 1
1213	1167	 1
1214	1213	 1
1215	1167	 1
1216	1167	 1
96	1217	 1
96	1218	 1
96	187	 1
236	96	 1
236	455	 1
236	183	 1
1219	96	 -1
1219	1220	 1
1219	1220	 1
1219	98	 -1
1220	1219	 -1
1220	1219	 1
1221	1219	 -1
884	98	 1
884	420	 1
420	884	 1
1222	98	 1
1222	1	 -1
749	1222	 -1
1223	749	 -1
1224	98	 1
1224	1225	 -1
1224	1226	 -1
1224	1227	 1
1225	1224	 -1
1226	1224	 -1
1227	1224	 1
1228	98	 1
1229	1228	 1
1229	98	 1
1230	1229	 1
1152	1230	 -1
1231	1152	 -1
1232	1231	 -1
1232	1233	 -1
1232	1234	 -1
1232	1235	 1
1232	1236	 1
1233	1232	 -1
1234	1232	 -1
1235	1232	 -1
1235	1237	 1
1238	1232	 -1
1239	1233	 1
1240	1239	 1
1237	1240	 1
1241	1235	 1
1242	1237	 1
1243	1242	 1
1244	1243	 1
1245	98	 -1
1246	1245	 -1
1247	1245	 -1
1248	98	 1
421	98	 1
1249	421	 1
1250	98	 -1
1251	1250	 -1
1252	1251	 -1
1253	1252	 -1
1254	1253	 -1
1236	1254	 -1
1255	1232	 1
1256	1255	 -1
1257	1256	 -1
1258	1257	 -1
1259	1258	 -1
1260	1259	 1
1261	1260	 1
1262	1261	 1
1263	1262	 1
1264	1236	 1
1265	1250	 -1
1266	1265	 1
1267	98	 1
1268	98	 -1
1269	98	 -1
1270	98	 1
1271	98	 1
1272	98	 1
97	98	 1
97	98	 1
97	1	 1
97	1273	 -1
97	1274	 -1
97	183	 1
97	111	 1
1275	98	 -1
1276	98	 1
1277	1276	 1
1278	1277	 -1
1279	1278	 -1
1280	98	 1
1281	486	 1
1282	486	 1
1283	1282	 -1
1284	1283	 -1
1284	977	 1
1284	98	 1
1285	486	 -1
1285	1286	 -1
1286	1285	 -1
1287	1285	 1
1287	334	 1
1288	760	 1
1289	760	 1
1289	1290	 1
1289	1290	 -1
1289	1291	 1
1289	1292	 1
1289	183	 1
1289	1293	 1
1289	1294	 -1
1289	1295	 1
1289	1296	 1
1289	1297	 1
1289	1298	 1
1289	1299	 1
1289	1300	 1
1289	1301	 1
1289	1302	 1
1303	486	 1
1304	1303	 1
1304	1305	 -1
1306	1303	 1
1307	486	 1
1308	82	 1
1308	183	 1
1308	1309	 1
1308	1301	 1
1308	1310	 -1
1308	1311	 1
1308	1302	 1
1308	1312	 -1
1308	1313	 1
1308	1314	 -1
1315	82	 1
1315	1316	 1
1315	1317	 1
44	1315	 1
44	1318	 1
44	1319	 1
44	284	 -1
44	1320	 1
44	49	 1
1316	1315	 1
1321	1316	 1
1322	1316	 1
1317	1315	 1
1317	1323	 1
1324	82	 1
1325	276	 1
1046	82	 -1
1046	1045	 1
1046	1326	 1
1327	82	 1
1327	1328	 1
1328	1327	 1
1328	1329	 1
1328	1330	 1
1328	82	 1
1328	81	 1
1331	1327	 1
1329	1328	 1
1330	1328	 1
1332	1328	 1
1333	1332	 1
1333	206	 1
1326	82	 1
1334	1326	 1
1323	1326	 1
1323	841	 1
1323	63	 1
1323	1335	 1
1323	1336	 1
1323	1337	 1
1323	100	 1
1338	1323	 1
1339	1323	 1
202	82	 -1
1340	82	 1
1341	82	 1
1342	82	 1
1343	82	 1
1343	1344	 1
1344	1343	 1
1345	82	 1
1346	82	 1
1347	82	 1
1348	82	 1
1348	1349	 1
1350	82	 1
1351	82	 1
1352	1	 1
1352	1353	 1
1352	1353	 1
1354	1352	 1
1353	1352	 1
1353	1352	 1
1353	1355	 1
1353	1356	 -1
1353	1357	 -1
1355	1353	 1
1358	1353	 1
1359	1360	 -1
1359	1361	 1
1362	1359	 1
1363	1359	 1
1364	1363	 1
1365	1364	 1
1360	1359	 -1
1366	1360	 -1
1367	1360	 -1
552	1359	 1
1368	552	 1
1369	552	 1
1361	1359	 1
1370	183	 1
210	183	 1
1371	183	 1
99	183	 1
99	48	 1
99	204	 1
99	1229	 -1
99	94	 1
1372	174	 1
1204	174	 1
1373	1204	 1
1374	174	 1
1375	1374	 1
1376	174	 1
1377	1376	 1
1378	174	 1
821	1378	 1
1379	821	 1
1379	174	 1
1380	821	 1
300	174	 1
300	820	 -1
1381	410	 1
1055	410	 1
1055	49	 1
34	410	 -1
1382	410	 1
49	410	 1
49	801	 1
49	281	 1
49	281	 1
49	1319	 1
49	1383	 -1
49	1383	 -1
49	1384	 1
49	1385	 1
49	98	 1
49	1386	 -1
49	1387	 -1
49	1388	 1
49	1389	 1
49	1389	 1
49	56	 -1
49	48	 1
1318	49	 1
1390	44	 1
1391	1318	 1
1392	1318	 -1
1393	1392	 -1
1394	1318	 1
1395	49	 1
1396	1395	 1
1396	1397	 -1
1396	1398	 1
1397	1396	 -1
1398	1396	 1
1399	1396	 1
1400	281	 1
1319	49	 1
1319	40	 1
1401	1319	 1
1383	49	 -1
1383	49	 -1
1383	1402	 1
1383	1403	 1
1402	49	 1
1403	1383	 1
1404	378	 1
1405	410	 1
1406	1405	 1
1056	410	 1
1056	1407	 1
1407	1056	 1
175	1408	 -1
1408	175	 -1
1408	175	 1
1408	1409	 1
1408	1410	 1
1411	175	 1
1409	1408	 -1
1410	1408	 -1
1412	1408	 1
1413	1410	 1
263	1	 1
1414	263	 1
672	1	 1
1415	97	 1
1416	48	 1
673	48	 1
1417	48	 -1
889	48	 1
437	48	 1
437	48	 -1
437	1418	 1
437	187	 -1
437	187	 -1
679	437	 -1
679	438	 1
1419	437	 -1
555	1419	 1
556	544	 -1
557	544	 1
1418	437	 -1
492	48	 1
492	1420	 1
492	45	 1
1420	492	 1
1420	492	 1
1420	98	 1
595	492	 1
595	594	 -1
595	314	 -1
595	314	 -1
1421	48	 1
1422	48	 1
841	841	 1
1423	841	 1
454	1423	 1
467	841	 1
467	455	 1
467	456	 1
467	1424	 1
467	1424	 -1
467	1425	 1
1426	841	 1
1426	1016	 1
1427	841	 1
1428	841	 1
1429	841	 1
1430	841	 1
1424	1430	 -1
1424	455	 1
1424	456	 1
1424	467	 1
1424	467	 1
1424	467	 -1
1424	1054	 1
1431	841	 1
1432	841	 1
1433	841	 1
1434	841	 1
1434	1217	 -1
1434	876	 -1
1434	1435	 -1
1434	1176	 1
1434	1176	 1
1434	93	 -1
1434	206	 -1
1217	1434	 1
1436	1434	 -1
6	1434	 1
6	159	 1
6	0	 1
6	1167	 1
6	1437	 1
1438	841	 1
876	841	 1
1439	467	 1
1440	455	 1
1441	455	 1
1442	455	 1
1442	40	 1
1435	1434	 -1
456	876	 1
456	1443	 1
456	1054	 1
456	3	 1
1444	467	 -1
1444	1445	 1
1444	1446	 1
1444	3	 1
1443	456	 1
1445	456	 1
1446	1444	 1
1447	1054	 1
1448	841	 1
1449	841	 1
1450	1323	 1
1451	841	 1
1452	48	 1
1452	1453	 1
1453	1452	 1
1454	1452	 1
1455	1452	 1
1456	48	 1
1457	48	 1
1458	48	 1
1459	48	 1
1460	1459	 1
1461	48	 1
1462	48	 1
1462	1463	 1
1463	1462	 1
1464	48	 1
1465	1464	 1
1466	48	 1
1467	183	 1
1468	1467	 -1
1469	183	 1
244	244	 1
244	244	 1
244	1470	 1
1470	244	 1
1471	244	 1
1472	132	 1
63	45	 1
63	1473	 1
63	1474	 -1
63	1474	 1
63	1474	 1
63	1474	 1
63	1475	 1
63	1323	 1
63	1476	 -1
1473	63	 1
1477	63	 -1
1474	63	 -1
1474	63	 1
1474	63	 1
1474	63	 1
1474	514	 -1
1478	63	 1
1479	1478	 1
1480	1479	 1
1481	63	 -1
1482	63	 1
1483	1474	 1
1484	63	 1
1484	281	 1
206	63	 1
206	382	 1
206	1434	 -1
206	205	 1
206	1485	 1
1475	63	 1
1475	63	 1
1486	63	 1
1476	63	 -1
1476	63	 -1
1487	1323	 1
1488	45	 1
1489	45	 1
1490	45	 1
1491	1490	 1
1492	45	 1
1493	45	 1
1494	45	 1
1495	1494	 1
1496	45	 1
1497	1496	 -1
1498	45	 1
1499	45	 1
1500	45	 1
1501	45	 1
1502	45	 1
838	280	 1
1503	838	 1
1504	838	 1
1505	1504	 1
1505	1506	 1
1505	378	 1
1507	838	 1
1507	1207	 -1
839	378	 1
839	280	 -1
1508	280	 -1
1509	280	 1
1510	1509	 1
1511	1510	 1
1512	1509	 1
1513	1512	 1
1514	1513	 1
1515	1514	 1
1516	1509	 1
1517	1516	 1
1518	1516	 1
1519	1516	 1
457	280	 1
1520	457	 1
1521	1520	 1
1522	1521	 1
1523	457	 -1
1524	457	 -1
1525	1524	 -1
1526	1524	 -1
790	457	 1
790	925	 1
790	789	 1
1527	280	 -1
1528	1527	 1
1529	1528	 -1
1530	1529	 -1
1531	280	 1
1506	280	 1
1532	1506	 1
1533	280	 1
1534	378	 1
1534	1535	 -1
1536	1534	 1
1535	1534	 -1
1537	280	 -1
1538	280	 1
1539	280	 1
176	176	 1
176	458	 1
176	92	 1
1290	176	 1
1290	1289	 -1
1540	1290	 1
1335	1290	 1
1335	1323	 1
1335	1291	 1
1541	1335	 1
1542	1323	 1
1291	1335	 1
1292	1289	 1
1543	1335	 -1
1544	1290	 1
1188	1544	 1
1188	268	 1
1188	159	 -1
1188	310	 -1
1188	1545	 -1
1188	1187	 1
458	176	 1
458	1546	 1
458	3	 1
1546	458	 1
1336	1546	 1
1547	458	 -1
1547	925	 -1
1337	3	 1
1337	1323	 1
1337	745	 1
1548	1273	 1
155	97	 -1
1549	154	 -1
1550	154	 -1
1551	154	 -1
1310	154	 -1
1310	1552	 -1
768	1273	 1
1553	1172	 1
1175	1554	 1
1173	393	 1
1555	1173	 1
1556	92	 1
177	92	 1
1557	92	 1
1558	92	 -1
178	92	 1
179	92	 -1
1559	92	 1
459	92	 1
39	36	 -1
1560	36	 1
1561	37	 -1
1562	37	 1
1562	1563	 1
1563	1562	 1
159	159	 1
1564	159	 1
5	159	 -1
5	0	 -1
5	5	 -1
1565	5	 -1
1566	0	 1
1566	1188	 -1
1566	159	 -1
1567	159	 1
594	159	 -1
1568	594	 -1
314	1568	 -1
314	595	 -1
314	595	 -1
314	593	 1
314	593	 -1
314	1205	 -1
1569	159	 1
1570	159	 1
1571	1570	 1
1572	159	 1
1573	1572	 1
1574	159	 1
1205	309	 1
1205	315	 -1
1205	1575	 1
1576	159	 1
1577	159	 1
1577	1578	 1
1579	1577	 1
1580	1577	 1
1578	1577	 1
1581	1577	 1
315	1577	 -1
1582	314	 -1
1583	314	 -1
1584	1577	 1
1206	159	 1
1575	159	 1
1585	159	 1
1586	159	 1
1587	159	 1
1588	159	 1
1176	56	 1
1176	1589	 1
1176	1434	 1
1590	1176	 1
1590	56	 1
56	1176	 1
56	48	 -1
56	285	 1
56	55	 -1
56	1591	 1
56	243	 -1
1592	1176	 -1
1593	1176	 -1
1589	1176	 1
1594	1176	 1
1595	1176	 -1
1596	1176	 1
1596	1597	 1
1596	1598	 1
1597	1596	 1
1598	1596	 1
487	1176	 -1
487	484	 1
606	166	 1
606	605	 1
1599	606	 1
1599	606	 -1
1600	166	 1
607	166	 -1
607	605	 1
607	605	 1
1601	631	 -1
1602	1601	 1
1603	605	 1
1604	1603	 -1
1605	1604	 1
1606	1605	 1
1607	1605	 -1
1608	1605	 -1
1609	1605	 -1
217	1604	 -1
218	216	 1
1610	217	 1
1611	166	 1
1612	166	 1
1613	1612	 1
1614	1613	 1
1615	1614	 -1
1616	1615	 -1
1617	1613	 1
1618	1617	 -1
1619	1618	 -1
1620	1619	 -1
1621	1620	 -1
1622	1621	 1
1623	1622	 1
1624	1622	 1
1625	1624	 -1
1626	1625	 -1
1627	1626	 -1
1628	1627	 -1
1629	1621	 -1
1630	1629	 -1
1631	1630	 -1
1632	1629	 -1
1633	1613	 1
1634	1633	 1
1635	1634	 -1
1636	1613	 1
1637	1612	 1
1638	166	 1
1639	166	 1
1640	1639	 1
1641	1640	 1
1642	166	 -1
1643	166	 1
1644	166	 1
1645	166	 -1
1646	166	 1
1647	1646	 1
1647	1648	 1
1648	1647	 1
1648	1647	 1
1649	166	 1
1650	164	 1
1651	1650	 1
1652	164	 1
1653	164	 1
746	164	 -1
1654	746	 -1
745	746	 -1
745	364	 1
1655	745	 1
203	164	 -1
1656	164	 1
338	164	 1
1657	338	 1
1658	338	 1
1659	338	 1
1660	338	 1
638	164	 1
1661	638	 1
1661	219	 1
1661	219	 -1
1661	219	 -1
1662	164	 1
1663	164	 1
219	164	 1
219	1661	 1
219	1661	 -1
219	1661	 -1
1664	219	 1
1665	1664	 1
1665	1666	 1
1667	1665	 1
1666	1665	 1
1666	1665	 -1
1668	219	 1
1668	1669	 1
1670	219	 1
1670	1671	 1
1671	1670	 1
1672	1670	 1
1673	48	 1
204	48	 1
1349	99	 1
1349	1674	 -1
1349	259	 1
1674	204	 1
1675	1674	 -1
1675	1676	 1
1676	1675	 -1
261	259	 1
1677	261	 1
1678	259	 1
1678	270	 1
1679	1678	 1
1680	48	 1
1681	73	 1
1682	73	 1
1683	1682	 1
1684	73	 1
641	1684	 1
641	1685	 -1
641	1685	 -1
641	1686	 1
641	1687	 1
641	1688	 1
641	1688	 1
641	1689	 1
641	1689	 1
641	424	 -1
641	634	 1
1685	641	 -1
1690	1685	 -1
1686	641	 1
1687	641	 1
1688	641	 1
1689	641	 1
1691	73	 -1
1692	73	 1
1693	73	 1
1694	1693	 1
439	73	 1
440	439	 1
440	433	 1
440	433	 1
1695	73	 1
1696	73	 1
1697	1696	 1
1698	1696	 1
1699	73	 1
1700	73	 1
424	73	 1
424	153	 1
424	433	 1
1701	641	 1
1702	424	 -1
1703	1702	 -1
1704	1703	 1
1705	1704	 1
1706	73	 1
1706	1707	 1
1218	1706	 1
1707	1706	 1
72	1707	 -1
1708	1707	 1
74	71	 -1
1709	71	 -1
1710	73	 1
1711	73	 1
1274	442	 -1
1712	925	 1
1713	1712	 1
1714	925	 1
1715	1714	 1
1716	925	 1
1716	926	 -1
1717	1716	 1
926	925	 1
1718	150	 1
1719	1718	 1
1720	150	 1
1720	1721	 1
1722	150	 1
1723	150	 1
1724	759	 1
1725	1724	 1
1721	1725	 1
1721	1726	 1
1721	441	 1
1727	150	 1
1726	150	 1
1728	150	 1
1729	150	 1
1730	266	 1
1731	143	 1
264	143	 1
264	143	 1
144	98	 -1
1732	137	 1
1732	183	 -1
1733	1732	 1
1734	1733	 1
1735	144	 -1
1736	98	 1
1737	98	 1
337	96	 1
1738	337	 1
1739	183	 -1
1309	183	 1
1740	1309	 1
1740	48	 1
1293	1289	 1
1294	1289	 1
1295	1289	 -1
1296	1289	 1
1297	1289	 1
1298	1289	 1
1299	1289	 1
1300	1289	 1
1741	1289	 1
1742	1295	 1
1743	1742	 1
1744	1743	 1
1745	1744	 1
1746	1745	 1
1747	1746	 1
1748	236	 1
1669	236	 1
1301	1669	 1
1749	1301	 1
1750	183	 1
1552	183	 1
1751	1552	 -1
1752	1751	 -1
1753	1752	 1
1754	1753	 1
1356	1552	 -1
1357	1353	 1
1755	1353	 -1
1756	1310	 -1
1757	1310	 -1
1311	1310	 -1
1758	183	 1
1759	1758	 1
1302	183	 1
1760	1302	 1
1761	1760	 1
1762	1761	 1
1763	1762	 1
1764	1763	 1
1765	1764	 1
1766	1765	 1
1767	1761	 1
1768	183	 1
1312	183	 -1
1313	183	 1
1425	183	 1
1314	97	 -1
1769	93	 1
127	1769	 1
127	123	 1
127	123	 1
127	123	 1
1770	93	 -1
1771	1770	 1
1771	1179	 -1
1771	296	 -1
1772	93	 1
1773	1434	 -1
1774	90	 1
1775	1774	 1
1776	93	 1
20	95	 -1
1777	95	 1
1778	1777	 1
1779	94	 1
1779	49	 1
1780	94	 1
1781	98	 1
1782	98	 1
1783	1782	 -1
1783	1485	 1
1784	1783	 -1
1485	1783	 -1
1785	206	 1
1786	98	 1
1787	98	 1
1384	98	 1
1788	49	 1
1385	49	 1
1386	49	 1
1387	49	 -1
1388	49	 1
1789	1779	 1
1790	49	 1
1389	49	 1
1389	49	 1
570	1229	 1
1791	1229	 -1
1792	98	 1
441	441	 1
1207	441	 -1
1793	441	 1
765	441	 1
1178	765	 1
1178	1177	 1
1178	393	 1
1178	98	 1
1794	765	 1
1795	441	 1
498	441	 1
1796	441	 1
75	36	 -1
75	375	 1
1797	40	 1
375	40	 1
1798	75	 1
1799	40	 1
1800	40	 1
284	48	 1
284	47	 -1
284	283	 -1
284	1801	 1
47	284	 1
47	285	 -1
47	243	 -1
47	243	 1
47	243	 1
47	243	 1
47	1802	 1
1801	284	 1
1803	284	 1
1803	1320	 1
1803	285	 -1
1803	243	 -1
1804	48	 1
1320	48	 1
1320	1805	 1
1320	441	 1
1805	1320	 1
1806	1320	 -1
46	1803	 1
1807	46	 1
1808	48	 1
285	56	 -1
285	1809	 -1
285	283	 -1
285	1810	 -1
1809	285	 -1
1811	1803	 1
1591	56	 -1
1591	56	 1
1802	47	 -1
1812	48	 1
1813	48	 1
1810	42	 -1
1814	48	 1
1815	48	 1
1212	40	 1
1816	270	 1
76	270	 -1
76	71	 -1
1817	76	 -1
1817	1818	 1
1817	1819	 1
1818	1817	 1
1820	1818	 1
1819	1817	 1
1821	1817	 1
118	76	 -1
118	1822	 1
1822	118	 1
1437	270	 1
1823	1437	 1
1824	270	 1
1825	371	 1
1826	270	 1
1024	269	 1
1827	1024	 1
1827	1828	 1
1828	1827	 1
1829	1827	 1
571	1830	 1
666	665	 1
1831	1830	 -1
1831	823	 1
823	1831	 -1
823	1831	 1
1832	187	 1
1305	111	 1
1833	1305	 -1
1833	1834	 -1
1834	1833	 -1
431	107	 1
1835	431	 1
1836	423	 1
1837	111	 -1
1838	111	 1
1839	111	 1
1840	111	 1
1841	1840	 1
1842	111	 1
1843	98	 1
1844	98	 -1
1845	1844	 -1
1846	1844	 -1
1177	98	 1
1847	1177	 1
1848	1177	 1
1849	1848	 1
1850	1848	 1
1851	1850	 1
310	1848	 1
310	1208	 -1
310	1852	 1
1179	393	 1
1179	393	 1
1179	98	 -1
1180	393	 1
1181	393	 1
1853	1187	 1
1854	98	 1
296	1771	 -1
1855	1179	 -1
1856	98	 1
845	843	 1
1857	843	 1
1208	98	 -1
1208	846	 -1
1208	662	 -1
1858	1208	 -1
846	1208	 -1
1545	1188	 -1
1545	1188	 -1
1859	1208	 -1
1860	1208	 -1
1861	1208	 -1
1862	1208	 -1
662	1208	 -1
662	1208	 -1
663	658	 -1
674	658	 -1
1863	663	 1
1852	663	 1
1864	1852	 1
1865	310	 1
1866	1208	 -1
1867	98	 1
1868	1867	 1
1868	1869	 1
1868	1869	 1
1870	98	 1
1871	98	 1
1869	1871	 1
1869	1868	 1
1869	1868	 1
1872	259	 1
1873	259	 1
1874	98	 1
50	441	 -1
50	1875	 -1
50	1165	 1
50	1876	 1
1875	50	 -1
1875	50	 -1
1875	1877	 -1
1878	50	 -1
1876	50	 -1
1876	50	 1
1876	1879	 1
1876	441	 1
1877	1875	 -1
518	50	 1
518	516	 1
518	516	 1
518	516	 -1
518	516	 -1
518	516	 -1
518	516	 -1
518	516	 1
518	516	 1
518	516	 1
519	441	 -1
1880	580	 1
1881	519	 -1
1882	441	 -1
1883	1882	 -1
1883	1884	 1
1885	1882	 -1
1885	441	 -1
1884	441	 1
1886	1883	 1
1887	1884	 1
1879	441	 1
1888	1879	 1
1888	1889	 1
1888	441	 1
1889	1888	 1
1889	1888	 1
1890	441	 1
1891	460	 1
1892	460	 1
1893	3	 1
1894	441	 1
1895	441	 1
1896	441	 1
101	100	 1
101	1897	 1
102	94	 -1
102	94	 -1
1897	101	 1
1897	1898	 1
1898	100	 1
989	1897	 1
1899	100	 1
1900	1899	 1
1901	133	 1
1902	133	 1
1903	100	 1
77	100	 1
1904	71	 1
1905	100	 1
1906	100	 1
1907	100	 1
870	100	 1
1908	1323	 -1
1909	1323	 1
1910	1911	 1
1910	1912	 1
1910	1912	 1
1910	1913	 1
1910	1910	 1
1910	1910	 1
1910	1914	 1
1910	1915	 1
1911	1910	 1
1911	1910	 1
1916	1910	 1
1917	1916	 1
1917	553	 -1
1917	1918	 -1
334	1910	 1
1919	334	 1
1912	1910	 1
1912	1910	 1
1913	1910	 1
1914	1910	 1
553	1914	 -1
1918	1917	 -1
1920	1914	 1
1921	1910	 1
1915	1910	 1
1922	1910	 1
